Impfstoff,impfungen_praxen,impfungen_zentrenetc,impfungen_alle
AZ,0,1,1
BNT/Pfizer,10788,2789,13577
BNT/Pfizer-Kinder,429,0,429
BNT/Pfizer-Kleinkind,173,0,173
BNT/Pfizer-Omikron,147349,16251,163600
BNT/Pfizer-Omikron-Kinder,1357,0,1357
J&J,238,35,273
Moderna,313,540,853
Moderna-Omikron,1938,1668,3606
Novavax,73,710,783
Sanofi,11,37,48
Valneva,13,371,384
