Impfstoff,impfungen_praxen,impfungen_zentrenetc,impfungen_alle
AZ,0,1,1
BNT/Pfizer,6166,2048,8214
BNT/Pfizer-Kinder,260,0,260
BNT/Pfizer-Kleinkind,159,0,159
BNT/Pfizer-Omikron,78655,12725,91380
BNT/Pfizer-Omikron-Kinder,831,0,831
J&J,129,13,142
Moderna,56,360,416
Moderna-Omikron,1362,1515,2877
Novavax,59,179,238
Sanofi,3,5,8
Valneva,7,250,257
