Impfstoff,impfungen_praxen,impfungen_zentrenetc,impfungen_alle
AZ,0,6,6
BNT/Pfizer,2056,1422,3478
BNT/Pfizer-Kinder,177,0,177
BNT/Pfizer-Kleinkind,169,0,169
BNT/Pfizer-Omikron,24089,6932,31021
BNT/Pfizer-Omikron-Kinder,264,0,264
J&J,42,3,45
Moderna,40,234,274
Moderna-Omikron,416,1219,1635
Novavax,27,43,70
Sanofi,2,49,51
Valneva,119,315,434
