Impfstoff,impfungen_praxen,impfungen_zentrenetc,impfungen_alle
AZ,0,1,1
BNT/Pfizer,6553,2235,8788
BNT/Pfizer-Kinder,275,0,275
BNT/Pfizer-Kleinkind,160,0,160
BNT/Pfizer-Omikron,85182,14156,99338
BNT/Pfizer-Omikron-Kinder,844,0,844
J&J,126,13,139
Moderna,63,379,442
Moderna-Omikron,1449,1680,3129
Novavax,64,252,316
Sanofi,3,5,8
Valneva,7,307,314
