Impfstoff,impfungen_praxen,impfungen_zentrenetc,impfungen_alle
AZ,0,3,3
BNT/Pfizer,15928,7003,22931
BNT/Pfizer-Kinder,476,0,476
BNT/Pfizer-Kleinkind,192,0,192
BNT/Pfizer-Omikron,156448,53345,209793
BNT162b2-Kinder-VA,1922,0,1922
J&J,210,34,244
Moderna,483,817,1300
Moderna-Omikron,1982,4241,6223
Novavax,93,703,796
Valneva,128,398,526
VAT00008,0,0,0
