Impfstoff,impfungen_praxen,impfungen_zentrenetc,impfungen_alle
AZ,0,7,7
BNT/Pfizer,68271,5575,73846
BNT/Pfizer-Kinder,2876,0,2876
BNT/Pfizer-Omikron,838450,22321,860771
BNT162b2-KK,139,0,139
J&J,1381,12,1393
Moderna,927,422,1349
Moderna-Omikron,8891,1789,10680
Novavax,525,951,1476
Valneva,138,797,935
