Impfstoff,impfungen_praxen,impfungen_zentrenetc,impfungen_alle
AZ,0,1,1
BNT/Pfizer,12546,3112,15658
BNT/Pfizer-Kinder,474,0,474
BNT/Pfizer-Kleinkind,211,0,211
BNT/Pfizer-Omikron,158479,17870,176349
BNT/Pfizer-Omikron-Kinder,1448,0,1448
J&J,247,33,280
Moderna,318,514,832
Moderna-Omikron,2108,1814,3922
Novavax,65,710,775
Sanofi,11,0,11
Valneva,13,422,435
