Impfstoff,impfungen_praxen,impfungen_zentrenetc,impfungen_alle
AZ,0,6,6
BNT/Pfizer,2056,1285,3341
BNT/Pfizer-Kinder,177,0,177
BNT/Pfizer-Kleinkind,169,0,169
BNT/Pfizer-Omikron,24089,6387,30476
BNT/Pfizer-Omikron-Kinder,264,0,264
J&J,42,3,45
Moderna,40,195,235
Moderna-Omikron,416,1149,1565
Novavax,27,43,70
Sanofi,2,44,46
Valneva,119,293,412
