Impfstoff,impfungen_praxen,impfungen_zentrenetc,impfungen_alle
AZ,0,0,0
BNT/Pfizer,2056,1326,3382
BNT/Pfizer-Kinder,172,0,172
BNT/Pfizer-Kleinkind,148,0,148
BNT/Pfizer-Omikron,26099,6528,32627
BNT/Pfizer-Omikron-Kinder,260,0,260
J&J,46,4,50
Moderna,46,210,256
Moderna-Omikron,470,926,1396
Novavax,25,17,42
Sanofi,2,0,2
Valneva,121,295,416
