Impfstoff,impfungen_praxen,impfungen_zentrenetc,impfungen_alle
AZ,0,1,1
BNT/Pfizer,5655,1997,7652
BNT/Pfizer-Kinder,240,0,240
BNT/Pfizer-Kleinkind,143,0,143
BNT/Pfizer-Omikron,74840,12112,86952
BNT/Pfizer-Omikron-Kinder,760,0,760
J&J,123,21,144
Moderna,65,303,368
Moderna-Omikron,1306,1494,2800
Novavax,38,150,188
Sanofi,3,44,47
Valneva,7,301,308
