Impfstoff,impfungen_praxen,impfungen_zentrenetc,impfungen_alle
AZ,0,23,23
BNT/Pfizer,36435,12690,49125
BNT/Pfizer-Kinder,1075,0,1075
BNT/Pfizer-Kleinkind,236,0,236
BNT/Pfizer-Omikron,439328,99603,538931
BNT162b2-Kinder-VA,6540,0,6540
J&J,614,78,692
Moderna,881,818,1699
Moderna-Omikron,4093,5816,9909
Novavax,211,1035,1246
Valneva,65,501,566
VAT00008,9,0,9
