Impfstoff,impfungen_praxen,impfungen_zentrenetc,impfungen_alle
AZ,0,17,17
BNT/Pfizer,57087,22455,79542
BNT/Pfizer-Kinder,2301,0,2301
BNT/Pfizer-Kleinkind,179,0,179
BNT/Pfizer-Omikron,762051,143396,905447
J&J,1337,43,1380
Moderna,793,663,1456
Moderna-Omikron,7523,2696,10219
Novavax,458,801,1259
Valneva,123,822,945
