Impfstoff,impfungen_praxen,impfungen_zentrenetc,impfungen_alle
AZ,0,15,15
BNT/Pfizer,44387,19472,63859
BNT/Pfizer-Kinder,1802,0,1802
BNT/Pfizer-Kleinkind,151,0,151
BNT/Pfizer-Omikron,604421,107482,711903
BNT162b2-Kinder-VA,2130,0,2130
J&J,901,237,1138
Moderna,785,1090,1875
Moderna-Omikron,5516,3480,8996
Novavax,354,1342,1696
Valneva,63,548,611
