Impfstoff,impfungen_praxen,impfungen_zentrenetc,impfungen_alle
AZ,0,1,1
BNT/Pfizer,5617,2017,7634
BNT/Pfizer-Kinder,239,0,239
BNT/Pfizer-Kleinkind,132,0,132
BNT/Pfizer-Omikron,74324,12530,86854
BNT/Pfizer-Omikron-Kinder,726,0,726
J&J,123,18,141
Moderna,64,254,318
Moderna-Omikron,1263,1475,2738
Novavax,38,150,188
Sanofi,3,44,47
Valneva,7,327,334
