Impfstoff,impfungen_praxen,impfungen_zentrenetc,impfungen_alle
AZ,0,11,11
BNT/Pfizer,73554,6692,80246
BNT/Pfizer-Kinder,3162,0,3162
BNT/Pfizer-Omikron,848722,27028,875750
BNT162b2-KK,98,0,98
J&J,1499,12,1511
Moderna,1022,479,1501
Moderna-Omikron,9217,2190,11407
Novavax,538,1112,1650
Valneva,136,588,724
