Impfstoff,impfungen_praxen,impfungen_zentrenetc,impfungen_alle
AZ,0,9,9
BNT/Pfizer,25764,9924,35688
BNT/Pfizer-Kinder,937,0,937
BNT/Pfizer-Kleinkind,290,0,290
BNT/Pfizer-Omikron,291626,72193,363819
BNT162b2-Kinder-VA,3824,0,3824
J&J,387,82,469
Moderna,678,735,1413
Moderna-Omikron,3308,5246,8554
Novavax,171,775,946
Valneva,131,449,580
VAT00008,0,0,0
