Impfstoff,impfungen_praxen,impfungen_zentrenetc,impfungen_alle
AZ,0,8,8
BNT/Pfizer,70023,6692,76715
BNT/Pfizer-Kinder,3008,0,3008
BNT/Pfizer-Omikron,842364,27028,869392
BNT162b2-KK,127,0,127
J&J,1530,12,1542
Moderna,916,468,1384
Moderna-Omikron,8920,2094,11014
Novavax,541,1007,1548
Valneva,137,534,671
