Impfstoff,impfungen_praxen,impfungen_zentrenetc,impfungen_alle
AZ,0,1,1
BNT/Pfizer,7596,2608,10204
BNT/Pfizer-Kinder,271,0,271
BNT/Pfizer-Kleinkind,154,0,154
BNT/Pfizer-Omikron,100893,15562,116455
BNT/Pfizer-Omikron-Kinder,956,0,956
J&J,178,16,194
Moderna,55,576,631
Moderna-Omikron,1558,1796,3354
Novavax,56,435,491
Sanofi,11,9,20
Valneva,5,316,321
