Impfstoff,impfungen_praxen,impfungen_zentrenetc,impfungen_alle
AZ,0,18,18
BNT/Pfizer,38330,13136,51466
BNT/Pfizer-Kinder,1216,0,1216
BNT/Pfizer-Kleinkind,170,0,170
BNT/Pfizer-Omikron,485766,94252,580018
BNT162b2-Kinder-VA,5068,0,5068
J&J,694,28,722
Moderna,956,939,1895
Moderna-Omikron,4150,4928,9078
Novavax,218,1303,1521
Valneva,79,587,666
VAT00008,9,0,9
