Impfstoff,impfungen_praxen,impfungen_zentrenetc,impfungen_alle
AZ,0,1,1
BNT/Pfizer,7809,2522,10331
BNT/Pfizer-Kinder,299,0,299
BNT/Pfizer-Kleinkind,135,0,135
BNT/Pfizer-Omikron,107418,15244,122662
BNT/Pfizer-Omikron-Kinder,1052,0,1052
J&J,157,15,172
Moderna,55,672,727
Moderna-Omikron,1585,1674,3259
Novavax,57,528,585
Sanofi,11,9,20
Valneva,7,286,293
