Impfstoff,impfungen_praxen,impfungen_zentrenetc,impfungen_alle
AZ,0,0,0
BNT/Pfizer,12455,3273,15728
BNT/Pfizer-Kinder,400,0,400
BNT/Pfizer-Kleinkind,182,0,182
BNT/Pfizer-Omikron,77762,67404,145166
BNT162b2-BA.1,14196,0,14196
BNT162b2-BA.4/5,54004,0,54004
BNT162b2-Kinder-VA,1152,0,1152
J&J,179,7,186
Moderna,364,360,724
Moderna-Omikron,838,2135,2973
mRNA-1273-BA.1,245,0,245
mRNA-1273-BA.4/5,598,0,598
Novavax,67,595,662
Valneva,11,426,437
VAT00008,8,0,8
