Impfstoff,impfungen_praxen,impfungen_zentrenetc,impfungen_alle
AZ,0,22,22
BNT/Pfizer,34678,11286,45964
BNT/Pfizer-Kinder,1078,0,1078
BNT/Pfizer-Kleinkind,269,0,269
BNT/Pfizer-Omikron,409687,85435,495122
BNT162b2-Kinder-VA,5569,0,5569
J&J,606,93,699
Moderna,781,703,1484
Moderna-Omikron,3964,5143,9107
Novavax,191,773,964
Valneva,59,458,517
VAT00008,9,0,9
