Impfstoff,impfungen_praxen,impfungen_zentrenetc,impfungen_alle
AZ,0,0,0
BNT/Pfizer,3673,1252,4925
BNT/Pfizer-Kinder,165,0,165
BNT/Pfizer-Kleinkind,129,0,129
BNT/Pfizer-Omikron,37089,7595,44684
BNT/Pfizer-Omikron-Kinder,269,0,269
J&J,47,18,65
Moderna,37,175,212
Moderna-Omikron,797,1499,2296
Novavax,25,96,121
Sanofi,23,5,28
Valneva,18,10,28
