Impfstoff,impfungen_praxen,impfungen_zentrenetc,impfungen_alle
AZ,0,1,1
BNT/Pfizer,7809,2737,10546
BNT/Pfizer-Kinder,299,0,299
BNT/Pfizer-Kleinkind,135,0,135
BNT/Pfizer-Omikron,107418,16315,123733
BNT/Pfizer-Omikron-Kinder,1052,0,1052
J&J,157,16,173
Moderna,55,673,728
Moderna-Omikron,1585,1765,3350
Novavax,57,530,587
Sanofi,11,9,20
Valneva,7,347,354
