Impfstoff,impfungen_praxen,impfungen_zentrenetc,impfungen_alle
AZ,0,17,17
BNT/Pfizer,36435,11695,48130
BNT/Pfizer-Kinder,1075,0,1075
BNT/Pfizer-Kleinkind,236,0,236
BNT/Pfizer-Omikron,439328,91683,531011
BNT162b2-Kinder-VA,6540,0,6540
J&J,614,63,677
Moderna,881,770,1651
Moderna-Omikron,4093,5293,9386
Novavax,211,945,1156
Valneva,65,435,500
VAT00008,9,0,9
