Impfstoff,impfungen_praxen,impfungen_zentrenetc,impfungen_alle
AZ,0,1,1
BNT/Pfizer,6166,2193,8359
BNT/Pfizer-Kinder,260,0,260
BNT/Pfizer-Kleinkind,159,0,159
BNT/Pfizer-Omikron,78655,13810,92465
BNT/Pfizer-Omikron-Kinder,831,0,831
J&J,129,23,152
Moderna,56,381,437
Moderna-Omikron,1362,1672,3034
Novavax,59,180,239
Sanofi,3,44,47
Valneva,7,302,309
