Impfstoff,impfungen_praxen,impfungen_zentrenetc,impfungen_alle
AZ,0,1,1
BNT/Pfizer,8534,2648,11182
BNT/Pfizer-Kinder,330,0,330
BNT/Pfizer-Kleinkind,138,0,138
BNT/Pfizer-Omikron,116820,15836,132656
BNT/Pfizer-Omikron-Kinder,1085,0,1085
J&J,183,15,198
Moderna,61,697,758
Moderna-Omikron,1659,1720,3379
Novavax,66,630,696
Sanofi,11,9,20
Valneva,6,293,299
