Impfstoff,impfungen_praxen,impfungen_zentrenetc,impfungen_alle
AZ,0,1,1
BNT/Pfizer,12471,4098,16569
BNT/Pfizer-Kinder,411,0,411
BNT/Pfizer-Kleinkind,210,0,210
BNT/Pfizer-Omikron,70064,100773,170837
BNT162b2-BA.1,16100,0,16100
BNT162b2-BA.4/5,61451,0,61451
BNT162b2-Kinder-VA,1253,0,1253
J&J,202,7,209
Moderna,398,482,880
Moderna-Omikron,654,3044,3698
mRNA-1273-BA.1,303,0,303
mRNA-1273-BA.4/5,691,0,691
Novavax,52,643,695
Valneva,11,463,474
VAT00008,8,0,8
