Impfstoff,impfungen_praxen,impfungen_zentrenetc,impfungen_alle
AZ,0,22,22
BNT/Pfizer,34609,10990,45599
BNT/Pfizer-Kinder,1077,0,1077
BNT/Pfizer-Kleinkind,280,0,280
BNT/Pfizer-Omikron,407529,88197,495726
BNT162b2-Kinder-VA,5453,0,5453
J&J,594,93,687
Moderna,782,630,1412
Moderna-Omikron,3951,5438,9389
Novavax,192,750,942
Valneva,59,460,519
VAT00008,9,0,9
