Impfstoff,impfungen_praxen,impfungen_zentrenetc,impfungen_alle
AZ,0,0,0
BNT/Pfizer,4144,1233,5377
BNT/Pfizer-Kinder,170,0,170
BNT/Pfizer-Kleinkind,123,0,123
BNT/Pfizer-Omikron,40501,7628,48129
BNT/Pfizer-Omikron-Kinder,355,0,355
J&J,32,42,74
Moderna,38,122,160
Moderna-Omikron,830,1234,2064
Novavax,20,86,106
Sanofi,36,11,47
Valneva,96,50,146
