Impfstoff,impfungen_praxen,impfungen_zentrenetc,impfungen_alle
AZ,0,6,6
BNT/Pfizer,2045,1395,3440
BNT/Pfizer-Kinder,171,0,171
BNT/Pfizer-Kleinkind,148,0,148
BNT/Pfizer-Omikron,26185,7219,33404
BNT/Pfizer-Omikron-Kinder,260,0,260
J&J,46,4,50
Moderna,46,206,252
Moderna-Omikron,421,1101,1522
Novavax,25,42,67
Sanofi,2,24,26
Valneva,121,295,416
