Impfstoff,impfungen_praxen,impfungen_zentrenetc,impfungen_alle
AZ,0,9,9
BNT/Pfizer,21310,7749,29059
BNT/Pfizer-Kinder,634,0,634
BNT/Pfizer-Kleinkind,200,0,200
BNT/Pfizer-Omikron,234718,59079,293797
BNT162b2-Kinder-VA,2778,0,2778
J&J,321,47,368
Moderna,552,608,1160
Moderna-Omikron,2707,4424,7131
Novavax,156,703,859
Valneva,131,418,549
VAT00008,0,0,0
