Impfstoff,impfungen_praxen,impfungen_zentrenetc,impfungen_alle
AZ,0,0,0
BNT/Pfizer,2627,1579,4206
BNT/Pfizer-Kinder,136,0,136
BNT/Pfizer-Kleinkind,124,0,124
BNT/Pfizer-Omikron,35356,7967,43323
BNT/Pfizer-Omikron-Kinder,247,0,247
J&J,51,9,60
Moderna,25,349,374
Moderna-Omikron,623,1160,1783
Novavax,30,55,85
Sanofi,1,5,6
Valneva,9,107,116
