Impfstoff,impfungen_praxen,impfungen_zentrenetc,impfungen_alle
AZ,0,0,0
BNT/Pfizer,3932,1220,5152
BNT/Pfizer-Kinder,150,0,150
BNT/Pfizer-Kleinkind,135,0,135
BNT/Pfizer-Omikron,39091,7733,46824
BNT/Pfizer-Omikron-Kinder,308,0,308
J&J,31,39,70
Moderna,45,152,197
Moderna-Omikron,831,1476,2307
Novavax,25,75,100
Sanofi,23,10,33
Valneva,97,9,106
