Impfstoff,impfungen_praxen,impfungen_zentrenetc,impfungen_alle
AZ,0,0,0
BNT/Pfizer,4251,1440,5691
BNT/Pfizer-Kinder,194,0,194
BNT/Pfizer-Kleinkind,127,0,127
BNT/Pfizer-Omikron,57715,10289,68004
BNT/Pfizer-Omikron-Kinder,594,0,594
J&J,82,43,125
Moderna,45,100,145
Moderna-Omikron,988,1449,2437
Novavax,32,55,87
Sanofi,39,50,89
Valneva,97,222,319
