Impfstoff,impfungen_praxen,impfungen_zentrenetc,impfungen_alle
AZ,0,1,1
BNT/Pfizer,12546,3249,15795
BNT/Pfizer-Kinder,474,0,474
BNT/Pfizer-Kleinkind,211,0,211
BNT/Pfizer-Omikron,158479,18568,177047
BNT/Pfizer-Omikron-Kinder,1448,0,1448
J&J,247,35,282
Moderna,318,610,928
Moderna-Omikron,2108,1879,3987
Novavax,65,789,854
Sanofi,11,37,48
Valneva,13,443,456
