Impfstoff,impfungen_praxen,impfungen_zentrenetc,impfungen_alle
AZ,0,0,0
BNT/Pfizer,4378,1230,5608
BNT/Pfizer-Kinder,149,0,149
BNT/Pfizer-Kleinkind,107,0,107
BNT/Pfizer-Omikron,46491,8189,54680
BNT/Pfizer-Omikron-Kinder,414,0,414
J&J,56,48,104
Moderna,51,128,179
Moderna-Omikron,903,1323,2226
Novavax,18,82,100
Sanofi,36,45,81
Valneva,93,127,220
