Impfstoff,impfungen_praxen,impfungen_zentrenetc,impfungen_alle
AZ,0,0,0
BNT/Pfizer,4768,1379,6147
BNT/Pfizer-Kinder,194,0,194
BNT/Pfizer-Kleinkind,128,0,128
BNT/Pfizer-Omikron,57503,9203,66706
BNT/Pfizer-Omikron-Kinder,533,0,533
J&J,85,43,128
Moderna,45,91,136
Moderna-Omikron,1030,1310,2340
Novavax,32,55,87
Sanofi,39,50,89
Valneva,97,222,319
