Impfstoff,impfungen_praxen,impfungen_zentrenetc,impfungen_alle
AZ,0,14,14
BNT/Pfizer,53618,20710,74328
BNT/Pfizer-Kinder,2241,0,2241
BNT/Pfizer-Kleinkind,182,0,182
BNT/Pfizer-Omikron,720407,120134,840541
J&J,1300,39,1339
Moderna,707,677,1384
Moderna-Omikron,7007,2197,9204
Novavax,456,734,1190
Valneva,123,715,838
