Impfstoff,impfungen_praxen,impfungen_zentrenetc,impfungen_alle
AZ,0,1,1
BNT/Pfizer,7596,2405,10001
BNT/Pfizer-Kinder,271,0,271
BNT/Pfizer-Kleinkind,154,0,154
BNT/Pfizer-Omikron,100893,14433,115326
BNT/Pfizer-Omikron-Kinder,956,0,956
J&J,178,15,193
Moderna,55,573,628
Moderna-Omikron,1558,1633,3191
Novavax,56,432,488
Sanofi,11,9,20
Valneva,5,289,294
