Impfstoff,impfungen_praxen,impfungen_zentrenetc,impfungen_alle
AZ,0,17,17
BNT/Pfizer,59277,23660,82937
BNT/Pfizer-Kinder,2346,0,2346
BNT/Pfizer-Omikron,786524,148835,935359
BNT162b2-KK,167,0,167
J&J,1415,39,1454
Moderna,827,659,1486
Moderna-Omikron,7924,2909,10833
Novavax,512,964,1476
Valneva,124,855,979
