Impfstoff,impfungen_praxen,impfungen_zentrenetc,impfungen_alle
AZ,0,9,9
BNT/Pfizer,21310,7165,28475
BNT/Pfizer-Kinder,634,0,634
BNT/Pfizer-Kleinkind,200,0,200
BNT/Pfizer-Omikron,234718,54690,289408
BNT162b2-Kinder-VA,2778,0,2778
J&J,321,47,368
Moderna,552,549,1101
Moderna-Omikron,2707,4018,6725
Novavax,156,633,789
Valneva,131,369,500
VAT00008,0,0,0
