Impfstoff,impfungen_praxen,impfungen_zentrenetc,impfungen_alle
AZ,0,4,4
BNT/Pfizer,38991,13566,52557
BNT/Pfizer-Kinder,1317,0,1317
BNT/Pfizer-Kleinkind,174,0,174
BNT/Pfizer-Omikron,488813,92519,581332
BNT162b2-Kinder-VA,5052,0,5052
J&J,735,30,765
Moderna,952,1046,1998
Moderna-Omikron,4182,4616,8798
Novavax,217,1237,1454
Valneva,80,516,596
VAT00008,9,0,9
