Impfstoff,impfungen_praxen,impfungen_zentrenetc,impfungen_alle
AZ,0,1,1
BNT/Pfizer,7430,2523,9953
BNT/Pfizer-Kinder,276,0,276
BNT/Pfizer-Kleinkind,164,0,164
BNT/Pfizer-Omikron,97435,15208,112643
BNT/Pfizer-Omikron-Kinder,977,0,977
J&J,170,18,188
Moderna,57,509,566
Moderna-Omikron,1580,1738,3318
Novavax,56,395,451
Sanofi,13,5,18
Valneva,6,284,290
