Impfstoff,impfungen_praxen,impfungen_zentrenetc,impfungen_alle
AZ,0,0,0
BNT/Pfizer,3932,1400,5332
BNT/Pfizer-Kinder,150,0,150
BNT/Pfizer-Kleinkind,135,0,135
BNT/Pfizer-Omikron,39091,8435,47526
BNT/Pfizer-Omikron-Kinder,308,0,308
J&J,31,39,70
Moderna,45,202,247
Moderna-Omikron,831,1590,2421
Novavax,25,96,121
Sanofi,23,10,33
Valneva,97,10,107
