Impfstoff,impfungen_praxen,impfungen_zentrenetc,impfungen_alle
AZ,0,0,0
BNT/Pfizer,2300,1510,3810
BNT/Pfizer-Kinder,143,0,143
BNT/Pfizer-Kleinkind,123,0,123
BNT/Pfizer-Omikron,32294,6664,38958
BNT/Pfizer-Omikron-Kinder,243,0,243
J&J,59,4,63
Moderna,21,370,391
Moderna-Omikron,489,775,1264
Novavax,35,39,74
Sanofi,3,0,3
Valneva,5,147,152
