Impfstoff,impfungen_praxen,impfungen_zentrenetc,impfungen_alle
AZ,0,25,25
BNT/Pfizer,34287,12362,46649
BNT/Pfizer-Kinder,1135,0,1135
BNT/Pfizer-Kleinkind,278,0,278
BNT/Pfizer-Omikron,400371,93414,493785
BNT162b2-Kinder-VA,5235,0,5235
J&J,564,85,649
Moderna,773,858,1631
Moderna-Omikron,3996,6070,10066
Novavax,185,855,1040
Valneva,70,554,624
VAT00008,9,0,9
