Impfstoff,impfungen_praxen,impfungen_zentrenetc,impfungen_alle
AZ,0,20,20
BNT/Pfizer,76712,9217,85929
BNT/Pfizer-Kinder,3048,0,3048
BNT/Pfizer-Omikron,771218,51969,823187
BNT162b2-KK,15,0,15
J&J,1355,11,1366
Moderna,1138,466,1604
Moderna-Omikron,8468,2840,11308
Novavax,503,1190,1693
Valneva,195,662,857
