Impfstoff,impfungen_praxen,impfungen_zentrenetc,impfungen_alle
AZ,0,19,19
BNT/Pfizer,76712,8778,85490
BNT/Pfizer-Kinder,3048,0,3048
BNT/Pfizer-Omikron,771218,49910,821128
BNT162b2-KK,15,0,15
J&J,1355,11,1366
Moderna,1138,455,1593
Moderna-Omikron,8468,2685,11153
Novavax,503,1014,1517
Valneva,195,600,795
