Impfstoff,impfungen_praxen,impfungen_zentrenetc,impfungen_alle
AZ,0,0,0
BNT/Pfizer,2126,1322,3448
BNT/Pfizer-Kinder,162,0,162
BNT/Pfizer-Kleinkind,125,0,125
BNT/Pfizer-Omikron,26972,6367,33339
BNT/Pfizer-Omikron-Kinder,246,0,246
J&J,40,7,47
Moderna,42,257,299
Moderna-Omikron,420,848,1268
Novavax,26,11,37
Sanofi,2,0,2
Valneva,118,216,334
