Impfstoff,impfungen_praxen,impfungen_zentrenetc,impfungen_alle
AZ,0,3,3
BNT/Pfizer,18378,6741,25119
BNT/Pfizer-Kinder,596,0,596
BNT/Pfizer-Kleinkind,199,0,199
BNT/Pfizer-Omikron,199183,55361,254544
BNT162b2-Kinder-VA,2425,0,2425
J&J,276,35,311
Moderna,536,698,1234
Moderna-Omikron,2259,4241,6500
Novavax,119,684,803
Valneva,131,398,529
VAT00008,0,0,0
