Impfstoff,impfungen_praxen,impfungen_zentrenetc,impfungen_alle
AZ,0,8,8
BNT/Pfizer,70023,6840,76863
BNT/Pfizer-Kinder,3008,0,3008
BNT/Pfizer-Omikron,842364,27156,869520
BNT162b2-KK,127,0,127
J&J,1530,12,1542
Moderna,916,477,1393
Moderna-Omikron,8920,2097,11017
Novavax,541,1038,1579
Valneva,137,825,962
