Impfstoff,impfungen_praxen,impfungen_zentrenetc,impfungen_alle
AZ,0,0,0
BNT/Pfizer,4668,1538,6206
BNT/Pfizer-Kinder,218,0,218
BNT/Pfizer-Kleinkind,147,0,147
BNT/Pfizer-Omikron,60931,10595,71526
BNT/Pfizer-Omikron-Kinder,639,0,639
J&J,107,43,150
Moderna,46,103,149
Moderna-Omikron,1093,1414,2507
Novavax,32,57,89
Sanofi,37,50,87
Valneva,87,248,335
