Impfstoff,impfungen_praxen,impfungen_zentrenetc,impfungen_alle
AZ,0,0,0
BNT/Pfizer,5226,1646,6872
BNT/Pfizer-Kinder,239,0,239
BNT/Pfizer-Kleinkind,141,0,141
BNT/Pfizer-Omikron,69010,11095,80105
BNT/Pfizer-Omikron-Kinder,717,0,717
J&J,133,21,154
Moderna,52,75,127
Moderna-Omikron,1192,1274,2466
Novavax,33,62,95
Sanofi,17,45,62
Valneva,7,373,380
