Impfstoff,impfungen_praxen,impfungen_zentrenetc,impfungen_alle
AZ,0,20,20
BNT/Pfizer,67409,12839,80248
BNT/Pfizer-Kinder,2822,0,2822
BNT/Pfizer-Omikron,742207,62710,804917
BNT162b2-KK,1,0,1
J&J,1198,13,1211
Moderna,1147,471,1618
Moderna-Omikron,7879,2633,10512
Novavax,505,993,1498
Valneva,195,655,850
