Impfstoff,impfungen_praxen,impfungen_zentrenetc,impfungen_alle
AZ,0,0,0
BNT/Pfizer,2171,1483,3654
BNT/Pfizer-Kinder,154,0,154
BNT/Pfizer-Kleinkind,120,0,120
BNT/Pfizer-Omikron,28626,6953,35579
BNT/Pfizer-Omikron-Kinder,241,0,241
J&J,34,7,41
Moderna,42,296,338
Moderna-Omikron,446,931,1377
Novavax,32,11,43
Sanofi,2,0,2
Valneva,118,250,368
