Impfstoff,impfungen_praxen,impfungen_zentrenetc,impfungen_alle
AZ,0,0,0
BNT/Pfizer,2295,1516,3811
BNT/Pfizer-Kinder,143,0,143
BNT/Pfizer-Kleinkind,123,0,123
BNT/Pfizer-Omikron,32239,6900,39139
BNT/Pfizer-Omikron-Kinder,244,0,244
J&J,59,4,63
Moderna,21,370,391
Moderna-Omikron,489,910,1399
Novavax,35,39,74
Sanofi,3,0,3
Valneva,5,148,153
