Impfstoff,impfungen_praxen,impfungen_zentrenetc,impfungen_alle
AZ,0,0,0
BNT/Pfizer,3546,1195,4741
BNT/Pfizer-Kinder,139,0,139
BNT/Pfizer-Kleinkind,112,0,112
BNT/Pfizer-Omikron,35215,7273,42488
BNT/Pfizer-Omikron-Kinder,251,0,251
J&J,44,15,59
Moderna,36,246,282
Moderna-Omikron,686,1217,1903
Novavax,25,95,120
Sanofi,1,5,6
Valneva,7,44,51
