Impfstoff,impfungen_praxen,impfungen_zentrenetc,impfungen_alle
AZ,0,23,23
BNT/Pfizer,30504,11843,42347
BNT/Pfizer-Kinder,1074,0,1074
BNT/Pfizer-Kleinkind,295,0,295
BNT/Pfizer-Omikron,350114,85292,435406
BNT162b2-Kinder-VA,4453,0,4453
J&J,437,69,506
Moderna,839,775,1614
Moderna-Omikron,3733,5840,9573
Novavax,185,863,1048
Valneva,141,591,732
VAT00008,9,0,9
