Impfstoff,impfungen_praxen,impfungen_zentrenetc,impfungen_alle
AZ,0,23,23
BNT/Pfizer,28125,11126,39251
BNT/Pfizer-Kinder,979,0,979
BNT/Pfizer-Kleinkind,305,0,305
BNT/Pfizer-Omikron,315042,82086,397128
BNT162b2-Kinder-VA,4068,0,4068
J&J,402,84,486
Moderna,743,814,1557
Moderna-Omikron,3565,5776,9341
Novavax,178,900,1078
Valneva,143,535,678
VAT00008,0,0,0
