Impfstoff,impfungen_praxen,impfungen_zentrenetc,impfungen_alle
AZ,0,0,0
BNT/Pfizer,4042,1393,5435
BNT/Pfizer-Kinder,168,0,168
BNT/Pfizer-Kleinkind,119,0,119
BNT/Pfizer-Omikron,40171,8516,48687
BNT/Pfizer-Omikron-Kinder,347,0,347
J&J,28,42,70
Moderna,42,152,194
Moderna-Omikron,791,1557,2348
Novavax,19,76,95
Sanofi,37,11,48
Valneva,97,56,153
