Impfstoff,impfungen_praxen,impfungen_zentrenetc,impfungen_alle
AZ,0,23,23
BNT/Pfizer,30504,10927,41431
BNT/Pfizer-Kinder,1074,0,1074
BNT/Pfizer-Kleinkind,295,0,295
BNT/Pfizer-Omikron,350114,78584,428698
BNT162b2-Kinder-VA,4453,0,4453
J&J,437,68,505
Moderna,839,768,1607
Moderna-Omikron,3733,5345,9078
Novavax,185,767,952
Valneva,141,509,650
VAT00008,9,0,9
