Impfstoff,impfungen_praxen,impfungen_zentrenetc,impfungen_alle
AZ,0,0,0
BNT/Pfizer,4144,1369,5513
BNT/Pfizer-Kinder,170,0,170
BNT/Pfizer-Kleinkind,123,0,123
BNT/Pfizer-Omikron,40501,8262,48763
BNT/Pfizer-Omikron-Kinder,355,0,355
J&J,32,43,75
Moderna,38,124,162
Moderna-Omikron,830,1336,2166
Novavax,20,88,108
Sanofi,36,11,47
Valneva,96,53,149
