Impfstoff,impfungen_praxen,impfungen_zentrenetc,impfungen_alle
AZ,0,0,0
BNT/Pfizer,2427,1606,4033
BNT/Pfizer-Kinder,148,0,148
BNT/Pfizer-Kleinkind,122,0,122
BNT/Pfizer-Omikron,33007,7886,40893
BNT/Pfizer-Omikron-Kinder,244,0,244
J&J,59,6,65
Moderna,21,371,392
Moderna-Omikron,517,1100,1617
Novavax,36,52,88
Sanofi,3,0,3
Valneva,4,133,137
