Impfstoff,impfungen_praxen,impfungen_zentrenetc,impfungen_alle
AZ,0,18,18
BNT/Pfizer,38516,12724,51240
BNT/Pfizer-Kinder,1268,0,1268
BNT/Pfizer-Kleinkind,241,0,241
BNT/Pfizer-Omikron,485077,92334,577411
BNT162b2-Kinder-VA,5396,0,5396
J&J,694,26,720
Moderna,1006,883,1889
Moderna-Omikron,4166,4821,8987
Novavax,206,1207,1413
Valneva,79,549,628
VAT00008,9,0,9
