Impfstoff,impfungen_praxen,impfungen_zentrenetc,impfungen_alle
AZ,0,1,1
BNT/Pfizer,9127,2981,12108
BNT/Pfizer-Kinder,352,0,352
BNT/Pfizer-Kleinkind,156,0,156
BNT/Pfizer-Omikron,125323,17670,142993
BNT/Pfizer-Omikron-Kinder,1146,0,1146
J&J,177,18,195
Moderna,82,733,815
Moderna-Omikron,1727,1886,3613
Novavax,77,743,820
Sanofi,11,26,37
Valneva,7,358,365
