Impfstoff,impfungen_praxen,impfungen_zentrenetc,impfungen_alle
AZ,0,22,22
BNT/Pfizer,34494,10653,45147
BNT/Pfizer-Kinder,1074,0,1074
BNT/Pfizer-Kleinkind,281,0,281
BNT/Pfizer-Omikron,407428,86809,494237
BNT162b2-Kinder-VA,5458,0,5458
J&J,594,87,681
Moderna,789,576,1365
Moderna-Omikron,3915,5379,9294
Novavax,193,720,913
Valneva,59,460,519
VAT00008,9,0,9
