Impfstoff,impfungen_praxen,impfungen_zentrenetc,impfungen_alle
AZ,0,1,1
BNT/Pfizer,5617,1911,7528
BNT/Pfizer-Kinder,239,0,239
BNT/Pfizer-Kleinkind,132,0,132
BNT/Pfizer-Omikron,74324,11453,85777
BNT/Pfizer-Omikron-Kinder,726,0,726
J&J,123,18,141
Moderna,64,229,293
Moderna-Omikron,1263,1375,2638
Novavax,38,118,156
Sanofi,3,44,47
Valneva,7,326,333
