Impfstoff,impfungen_praxen,impfungen_zentrenetc,impfungen_alle
AZ,0,20,20
BNT/Pfizer,70997,8203,79200
BNT/Pfizer-Kinder,2963,0,2963
BNT/Pfizer-Omikron,769140,43308,812448
BNT162b2-KK,34,0,34
J&J,1249,11,1260
Moderna,1025,427,1452
Moderna-Omikron,8204,2573,10777
Novavax,557,1216,1773
Valneva,145,493,638
