Impfstoff,impfungen_praxen,impfungen_zentrenetc,impfungen_alle
AZ,0,17,17
BNT/Pfizer,54686,19720,74406
BNT/Pfizer-Kinder,2177,0,2177
BNT/Pfizer-Kleinkind,180,0,180
BNT/Pfizer-Omikron,738479,123945,862424
J&J,1325,43,1368
Moderna,746,627,1373
Moderna-Omikron,7317,2343,9660
Novavax,461,738,1199
Valneva,130,789,919
