Impfstoff,impfungen_praxen,impfungen_zentrenetc,impfungen_alle
AZ,0,1,1
BNT/Pfizer,6977,2165,9142
BNT/Pfizer-Kinder,266,0,266
BNT/Pfizer-Kleinkind,160,0,160
BNT/Pfizer-Omikron,91582,14030,105612
BNT/Pfizer-Omikron-Kinder,916,0,916
J&J,146,16,162
Moderna,61,475,536
Moderna-Omikron,1551,1646,3197
Novavax,59,330,389
Sanofi,3,5,8
Valneva,4,235,239
