Impfstoff,impfungen_praxen,impfungen_zentrenetc,impfungen_alle
AZ,0,15,15
BNT/Pfizer,51077,20088,71165
BNT/Pfizer-Kinder,2244,0,2244
BNT/Pfizer-Kleinkind,197,0,197
BNT/Pfizer-Omikron,696074,116247,812321
J&J,1093,39,1132
Moderna,749,721,1470
Moderna-Omikron,6697,2247,8944
Novavax,435,733,1168
Valneva,91,722,813
