Impfstoff,impfungen_praxen,impfungen_zentrenetc,impfungen_alle
AZ,0,20,20
BNT/Pfizer,54878,19580,74458
BNT/Pfizer-Kinder,2243,0,2243
BNT/Pfizer-Kleinkind,184,0,184
BNT/Pfizer-Omikron,734427,121255,855682
J&J,1329,43,1372
Moderna,731,542,1273
Moderna-Omikron,7304,2140,9444
Novavax,471,621,1092
Valneva,130,751,881
