Impfstoff,impfungen_praxen,impfungen_zentrenetc,impfungen_alle
AZ,0,1,1
BNT/Pfizer,8534,2847,11381
BNT/Pfizer-Kinder,330,0,330
BNT/Pfizer-Kleinkind,138,0,138
BNT/Pfizer-Omikron,116820,16815,133635
BNT/Pfizer-Omikron-Kinder,1085,0,1085
J&J,183,15,198
Moderna,61,701,762
Moderna-Omikron,1659,1805,3464
Novavax,66,634,700
Sanofi,11,9,20
Valneva,6,357,363
