Impfstoff,impfungen_praxen,impfungen_zentrenetc,impfungen_alle
AZ,0,7,7
BNT/Pfizer,41047,16522,57569
BNT/Pfizer-Kinder,1555,0,1555
BNT/Pfizer-Kleinkind,157,0,157
BNT/Pfizer-Omikron,540387,107237,647624
BNT162b2-Kinder-VA,3998,0,3998
J&J,789,110,899
Moderna,898,1110,2008
Moderna-Omikron,4809,4407,9216
Novavax,259,1212,1471
Valneva,81,492,573
