Impfstoff,impfungen_praxen,impfungen_zentrenetc,impfungen_alle
AZ,0,18,18
BNT/Pfizer,38991,14449,53440
BNT/Pfizer-Kinder,1317,0,1317
BNT/Pfizer-Kleinkind,174,0,174
BNT/Pfizer-Omikron,488813,101060,589873
BNT162b2-Kinder-VA,5052,0,5052
J&J,735,32,767
Moderna,952,1099,2051
Moderna-Omikron,4182,5055,9237
Novavax,217,1360,1577
Valneva,80,601,681
VAT00008,9,0,9
