Impfstoff,impfungen_praxen,impfungen_zentrenetc,impfungen_alle
AZ,0,0,0
BNT/Pfizer,2608,1363,3971
BNT/Pfizer-Kinder,146,0,146
BNT/Pfizer-Kleinkind,118,0,118
BNT/Pfizer-Omikron,34943,7407,42350
BNT/Pfizer-Omikron-Kinder,230,0,230
J&J,44,18,62
Moderna,19,322,341
Moderna-Omikron,631,1171,1802
Novavax,30,56,86
Sanofi,1,5,6
Valneva,7,74,81
