Impfstoff,impfungen_praxen,impfungen_zentrenetc,impfungen_alle
AZ,0,0,0
BNT/Pfizer,4378,1385,5763
BNT/Pfizer-Kinder,149,0,149
BNT/Pfizer-Kleinkind,107,0,107
BNT/Pfizer-Omikron,46491,9080,55571
BNT/Pfizer-Omikron-Kinder,414,0,414
J&J,56,51,107
Moderna,51,154,205
Moderna-Omikron,903,1410,2313
Novavax,18,86,104
Sanofi,36,50,86
Valneva,93,127,220
