Impfstoff,impfungen_praxen,impfungen_zentrenetc,impfungen_alle
AZ,0,15,15
BNT/Pfizer,53618,22302,75920
BNT/Pfizer-Kinder,2241,0,2241
BNT/Pfizer-Kleinkind,182,0,182
BNT/Pfizer-Omikron,720407,129223,849630
J&J,1300,40,1340
Moderna,707,761,1468
Moderna-Omikron,7007,2379,9386
Novavax,456,785,1241
Valneva,123,728,851
