Impfstoff,impfungen_praxen,impfungen_zentrenetc,impfungen_alle
AZ,0,22,22
BNT/Pfizer,34287,11298,45585
BNT/Pfizer-Kinder,1135,0,1135
BNT/Pfizer-Kleinkind,278,0,278
BNT/Pfizer-Omikron,400371,87711,488082
BNT162b2-Kinder-VA,5235,0,5235
J&J,564,84,648
Moderna,773,737,1510
Moderna-Omikron,3996,5658,9654
Novavax,185,740,925
Valneva,70,461,531
VAT00008,9,0,9
