Impfstoff,impfungen_praxen,impfungen_zentrenetc,impfungen_alle
AZ,0,1,1
BNT/Pfizer,12386,3892,16278
BNT/Pfizer-Kinder,409,0,409
BNT/Pfizer-Kleinkind,207,0,207
BNT/Pfizer-Omikron,72382,93157,165539
BNT162b2-BA.1,14522,0,14522
BNT162b2-BA.4/5,55795,0,55795
BNT162b2-Kinder-VA,1228,0,1228
J&J,180,9,189
Moderna,415,462,877
Moderna-Omikron,678,2874,3552
mRNA-1273-BA.1,271,0,271
mRNA-1273-BA.4/5,614,0,614
Novavax,53,686,739
Valneva,11,493,504
VAT00008,8,0,8
