Impfstoff,impfungen_praxen,impfungen_zentrenetc,impfungen_alle
AZ,0,15,15
BNT/Pfizer,44387,17045,61432
BNT/Pfizer-Kinder,1802,0,1802
BNT/Pfizer-Kleinkind,151,0,151
BNT/Pfizer-Omikron,604421,100220,704641
BNT162b2-Kinder-VA,2130,0,2130
J&J,901,231,1132
Moderna,785,851,1636
Moderna-Omikron,5516,3126,8642
Novavax,354,1250,1604
Valneva,63,544,607
