Impfstoff,impfungen_praxen,impfungen_zentrenetc,impfungen_alle
AZ,0,19,19
BNT/Pfizer,69310,12492,81802
BNT/Pfizer-Kinder,3035,0,3035
BNT/Pfizer-Omikron,752371,60912,813283
BNT162b2-KK,10,0,10
J&J,1190,13,1203
Moderna,1154,511,1665
Moderna-Omikron,8187,2925,11112
Novavax,523,1063,1586
Valneva,194,663,857
