Impfstoff,impfungen_praxen,impfungen_zentrenetc,impfungen_alle
AZ,0,20,20
BNT/Pfizer,70997,8264,79261
BNT/Pfizer-Kinder,2963,0,2963
BNT/Pfizer-Omikron,769140,43628,812768
BNT162b2-KK,34,0,34
J&J,1249,11,1260
Moderna,1025,430,1455
Moderna-Omikron,8204,2596,10800
Novavax,557,1256,1813
Valneva,145,514,659
