Impfstoff,impfungen_praxen,impfungen_zentrenetc,impfungen_alle
AZ,0,1,1
BNT/Pfizer,13234,3807,17041
BNT/Pfizer-Kinder,539,0,539
BNT/Pfizer-Kleinkind,234,0,234
BNT/Pfizer-Omikron,174896,19758,194654
BNT/Pfizer-Omikron-Kinder,1541,0,1541
J&J,250,35,285
Moderna,434,509,943
Moderna-Omikron,2290,1784,4074
Novavax,76,819,895
Sanofi,1,0,1
Valneva,12,506,518
