Impfstoff,impfungen_praxen,impfungen_zentrenetc,impfungen_alle
AZ,0,0,0
BNT/Pfizer,2034,1422,3456
BNT/Pfizer-Kinder,172,0,172
BNT/Pfizer-Kleinkind,125,0,125
BNT/Pfizer-Omikron,26050,7017,33067
BNT/Pfizer-Omikron-Kinder,244,0,244
J&J,46,7,53
Moderna,46,210,256
Moderna-Omikron,416,974,1390
Novavax,25,21,46
Sanofi,2,0,2
Valneva,121,324,445
