Impfstoff,impfungen_praxen,impfungen_zentrenetc,impfungen_alle
AZ,0,6,6
BNT/Pfizer,11387,3899,15286
BNT/Pfizer-Kinder,331,0,331
BNT/Pfizer-Kleinkind,139,0,139
BNT/Pfizer-Omikron,100590,24064,124654
BNT162b2-Kinder-VA,758,0,758
J&J,159,10,169
Moderna,167,597,764
Moderna-Omikron,1125,2227,3352
Novavax,97,576,673
Valneva,6,391,397
VAT00008,8,0,8
