Impfstoff,impfungen_praxen,impfungen_zentrenetc,impfungen_alle
AZ,0,0,0
BNT/Pfizer,5226,1463,6689
BNT/Pfizer-Kinder,239,0,239
BNT/Pfizer-Kleinkind,141,0,141
BNT/Pfizer-Omikron,69010,10271,79281
BNT/Pfizer-Omikron-Kinder,717,0,717
J&J,133,18,151
Moderna,52,72,124
Moderna-Omikron,1192,1161,2353
Novavax,33,61,94
Sanofi,17,44,61
Valneva,7,326,333
