Impfstoff,impfungen_praxen,impfungen_zentrenetc,impfungen_alle
AZ,0,1,1
BNT/Pfizer,12895,3783,16678
BNT/Pfizer-Kinder,543,0,543
BNT/Pfizer-Kleinkind,230,0,230
BNT/Pfizer-Omikron,173776,21171,194947
BNT/Pfizer-Omikron-Kinder,1526,0,1526
J&J,260,33,293
Moderna,413,573,986
Moderna-Omikron,2198,1854,4052
Novavax,76,812,888
Sanofi,2,0,2
Valneva,12,492,504
