Impfstoff,impfungen_praxen,impfungen_zentrenetc,impfungen_alle
AZ,0,0,0
BNT/Pfizer,2281,1451,3732
BNT/Pfizer-Kinder,139,0,139
BNT/Pfizer-Kleinkind,120,0,120
BNT/Pfizer-Omikron,32184,7083,39267
BNT/Pfizer-Omikron-Kinder,236,0,236
J&J,59,5,64
Moderna,21,369,390
Moderna-Omikron,489,980,1469
Novavax,35,50,85
Sanofi,3,0,3
Valneva,5,130,135
