Impfstoff,impfungen_praxen,impfungen_zentrenetc,impfungen_alle
AZ,0,0,0
BNT/Pfizer,2300,1594,3894
BNT/Pfizer-Kinder,143,0,143
BNT/Pfizer-Kleinkind,123,0,123
BNT/Pfizer-Omikron,32294,7279,39573
BNT/Pfizer-Omikron-Kinder,243,0,243
J&J,59,6,65
Moderna,21,370,391
Moderna-Omikron,489,853,1342
Novavax,35,42,77
Sanofi,3,0,3
Valneva,5,165,170
