Impfstoff,impfungen_praxen,impfungen_zentrenetc,impfungen_alle
AZ,0,23,23
BNT/Pfizer,28125,10429,38554
BNT/Pfizer-Kinder,979,0,979
BNT/Pfizer-Kleinkind,305,0,305
BNT/Pfizer-Omikron,315042,76389,391431
BNT162b2-Kinder-VA,4068,0,4068
J&J,402,68,470
Moderna,743,737,1480
Moderna-Omikron,3565,5309,8874
Novavax,178,771,949
Valneva,143,530,673
VAT00008,0,0,0
