Impfstoff,impfungen_praxen,impfungen_zentrenetc,impfungen_alle
AZ,0,0,0
BNT/Pfizer,4154,1334,5488
BNT/Pfizer-Kinder,170,0,170
BNT/Pfizer-Kleinkind,122,0,122
BNT/Pfizer-Omikron,40208,7524,47732
BNT/Pfizer-Omikron-Kinder,351,0,351
J&J,32,43,75
Moderna,38,103,141
Moderna-Omikron,822,1247,2069
Novavax,20,56,76
Sanofi,36,11,47
Valneva,96,52,148
