Impfstoff,impfungen_praxen,impfungen_zentrenetc,impfungen_alle
AZ,0,15,15
BNT/Pfizer,45035,17599,62634
BNT/Pfizer-Kinder,1818,0,1818
BNT/Pfizer-Kleinkind,154,0,154
BNT/Pfizer-Omikron,611840,99822,711662
BNT162b2-Kinder-VA,1968,0,1968
J&J,929,256,1185
Moderna,805,901,1706
Moderna-Omikron,5470,2938,8408
Novavax,360,1131,1491
Valneva,64,545,609
