Impfstoff,impfungen_praxen,impfungen_zentrenetc,impfungen_alle
AZ,0,1,1
BNT/Pfizer,12215,3483,15698
BNT/Pfizer-Kinder,474,0,474
BNT/Pfizer-Kleinkind,217,0,217
BNT/Pfizer-Omikron,167417,20160,187577
BNT/Pfizer-Omikron-Kinder,1504,0,1504
J&J,240,35,275
Moderna,396,593,989
Moderna-Omikron,2187,1877,4064
Novavax,69,782,851
Sanofi,11,0,11
Valneva,14,483,497
