Impfstoff,impfungen_praxen,impfungen_zentrenetc,impfungen_alle
AZ,0,0,0
BNT/Pfizer,2427,1398,3825
BNT/Pfizer-Kinder,148,0,148
BNT/Pfizer-Kleinkind,122,0,122
BNT/Pfizer-Omikron,33007,7237,40244
BNT/Pfizer-Omikron-Kinder,244,0,244
J&J,59,6,65
Moderna,21,347,368
Moderna-Omikron,517,1055,1572
Novavax,36,51,87
Sanofi,3,0,3
Valneva,4,106,110
