Impfstoff,impfungen_praxen,impfungen_zentrenetc,impfungen_alle
AZ,0,6,6
BNT/Pfizer,12758,4083,16841
BNT/Pfizer-Kinder,390,0,390
BNT/Pfizer-Kleinkind,177,0,177
BNT/Pfizer-Omikron,86970,70729,157699
BNT162b2-BA.1,10110,0,10110
BNT162b2-BA.4/5,38887,0,38887
BNT162b2-Kinder-VA,1046,0,1046
J&J,177,8,185
Moderna,244,553,797
Moderna-Omikron,1015,2493,3508
mRNA-1273-BA.1,210,0,210
mRNA-1273-BA.4/5,473,0,473
Novavax,103,652,755
Valneva,7,482,489
VAT00008,8,0,8
