Impfstoff,impfungen_praxen,impfungen_zentrenetc,impfungen_alle
AZ,0,0,0
BNT/Pfizer,10218,2738,12956
BNT/Pfizer-Kinder,424,0,424
BNT/Pfizer-Kleinkind,165,0,165
BNT/Pfizer-Omikron,137191,16573,153764
BNT/Pfizer-Omikron-Kinder,1300,0,1300
J&J,237,39,276
Moderna,173,528,701
Moderna-Omikron,1949,1737,3686
Novavax,75,719,794
Sanofi,11,37,48
Valneva,8,357,365
