Impfstoff,impfungen_praxen,impfungen_zentrenetc,impfungen_alle
AZ,0,1,1
BNT/Pfizer,7620,2564,10184
BNT/Pfizer-Kinder,263,0,263
BNT/Pfizer-Kleinkind,146,0,146
BNT/Pfizer-Omikron,99729,15239,114968
BNT/Pfizer-Omikron-Kinder,989,0,989
J&J,163,16,179
Moderna,55,582,637
Moderna-Omikron,1534,1696,3230
Novavax,56,438,494
Sanofi,11,9,20
Valneva,5,315,320
