Impfstoff,impfungen_praxen,impfungen_zentrenetc,impfungen_alle
AZ,0,15,15
BNT/Pfizer,45035,18729,63764
BNT/Pfizer-Kinder,1818,0,1818
BNT/Pfizer-Kleinkind,154,0,154
BNT/Pfizer-Omikron,611840,111310,723150
BNT162b2-Kinder-VA,1968,0,1968
J&J,929,257,1186
Moderna,805,969,1774
Moderna-Omikron,5470,3517,8987
Novavax,360,1322,1682
Valneva,64,602,666
