Impfstoff,impfungen_praxen,impfungen_zentrenetc,impfungen_alle
AZ,0,17,17
BNT/Pfizer,38376,13200,51576
BNT/Pfizer-Kinder,1269,0,1269
BNT/Pfizer-Kleinkind,246,0,246
BNT/Pfizer-Omikron,475911,92377,568288
BNT162b2-Kinder-VA,5590,0,5590
J&J,716,63,779
Moderna,985,1037,2022
Moderna-Omikron,4135,5140,9275
Novavax,208,1199,1407
Valneva,72,544,616
VAT00008,9,0,9
