Impfstoff,impfungen_praxen,impfungen_zentrenetc,impfungen_alle
AZ,0,23,23
BNT/Pfizer,35164,11239,46403
BNT/Pfizer-Kinder,1077,0,1077
BNT/Pfizer-Kleinkind,251,0,251
BNT/Pfizer-Omikron,421827,89820,511647
BNT162b2-Kinder-VA,5855,0,5855
J&J,589,75,664
Moderna,853,759,1612
Moderna-Omikron,3873,5304,9177
Novavax,210,886,1096
Valneva,65,455,520
VAT00008,9,0,9
