Impfstoff,impfungen_praxen,impfungen_zentrenetc,impfungen_alle
AZ,0,20,20
BNT/Pfizer,72163,9105,81268
BNT/Pfizer-Kinder,2961,0,2961
BNT/Pfizer-Omikron,768322,51551,819873
BNT162b2-KK,26,0,26
J&J,1279,11,1290
Moderna,1078,457,1535
Moderna-Omikron,8386,2676,11062
Novavax,546,1151,1697
Valneva,191,649,840
