Impfstoff,impfungen_praxen,impfungen_zentrenetc,impfungen_alle
AZ,0,17,17
BNT/Pfizer,37404,12512,49916
BNT/Pfizer-Kinder,1138,0,1138
BNT/Pfizer-Kleinkind,235,0,235
BNT/Pfizer-Omikron,456604,94199,550803
BNT162b2-Kinder-VA,6176,0,6176
J&J,648,61,709
Moderna,928,961,1889
Moderna-Omikron,4113,5547,9660
Novavax,201,1239,1440
Valneva,72,567,639
VAT00008,9,0,9
