Impfstoff,impfungen_praxen,impfungen_zentrenetc,impfungen_alle
AZ,0,14,14
BNT/Pfizer,68987,3988,72975
BNT/Pfizer-Kinder,2638,0,2638
BNT/Pfizer-Omikron,834912,13993,848905
BNT162b2-KK,160,0,160
J&J,1452,4,1456
Moderna,930,432,1362
Moderna-Omikron,9287,1481,10768
Novavax,499,898,1397
Valneva,126,819,945
