Impfstoff,impfungen_praxen,impfungen_zentrenetc,impfungen_alle
AZ,0,23,23
BNT/Pfizer,32425,12173,44598
BNT/Pfizer-Kinder,1105,0,1105
BNT/Pfizer-Kleinkind,288,0,288
BNT/Pfizer-Omikron,378377,90729,469106
BNT162b2-Kinder-VA,4791,0,4791
J&J,469,69,538
Moderna,630,818,1448
Moderna-Omikron,4005,5993,9998
Novavax,188,899,1087
Valneva,41,607,648
VAT00008,9,0,9
