Impfstoff,impfungen_praxen,impfungen_zentrenetc,impfungen_alle
AZ,0,3,3
BNT/Pfizer,15928,5295,21223
BNT/Pfizer-Kinder,476,0,476
BNT/Pfizer-Kleinkind,192,0,192
BNT/Pfizer-Omikron,156448,48099,204547
BNT162b2-Kinder-VA,1922,0,1922
J&J,210,33,243
Moderna,483,636,1119
Moderna-Omikron,1982,3782,5764
Novavax,93,609,702
Valneva,128,340,468
VAT00008,0,0,0
