Impfstoff,impfungen_praxen,impfungen_zentrenetc,impfungen_alle
AZ,0,0,0
BNT/Pfizer,2285,1555,3840
BNT/Pfizer-Kinder,144,0,144
BNT/Pfizer-Kleinkind,125,0,125
BNT/Pfizer-Omikron,30847,7120,37967
BNT/Pfizer-Omikron-Kinder,235,0,235
J&J,65,6,71
Moderna,19,377,396
Moderna-Omikron,457,829,1286
Novavax,37,31,68
Sanofi,2,0,2
Valneva,4,163,167
