Impfstoff,impfungen_praxen,impfungen_zentrenetc,impfungen_alle
AZ,0,0,0
BNT/Pfizer,4984,1614,6598
BNT/Pfizer-Kinder,212,0,212
BNT/Pfizer-Kleinkind,144,0,144
BNT/Pfizer-Omikron,65445,10931,76376
BNT/Pfizer-Omikron-Kinder,671,0,671
J&J,109,42,151
Moderna,51,98,149
Moderna-Omikron,1132,1269,2401
Novavax,30,57,87
Sanofi,17,50,67
Valneva,87,309,396
