Impfstoff,impfungen_praxen,impfungen_zentrenetc,impfungen_alle
AZ,0,11,11
BNT/Pfizer,70834,7778,78612
BNT/Pfizer-Kinder,2961,0,2961
BNT/Pfizer-Omikron,787545,36320,823865
BNT162b2-KK,58,0,58
J&J,1158,12,1170
Moderna,947,426,1373
Moderna-Omikron,8368,2570,10938
Novavax,526,1306,1832
Valneva,131,532,663
