Impfstoff,impfungen_praxen,impfungen_zentrenetc,impfungen_alle
AZ,0,6,6
BNT/Pfizer,11417,4209,15626
BNT/Pfizer-Kinder,322,0,322
BNT/Pfizer-Kleinkind,149,0,149
BNT/Pfizer-Omikron,94023,45953,139976
BNT162b2-BA.1,4344,0,4344
BNT162b2-BA.4/5,18235,0,18235
BNT162b2-Kinder-VA,900,0,900
J&J,165,9,174
Moderna,231,513,744
Moderna-Omikron,1070,2216,3286
mRNA-1273-BA.1,75,0,75
mRNA-1273-BA.4/5,201,0,201
Novavax,105,655,760
Valneva,8,467,475
VAT00008,8,0,8
