Impfstoff,impfungen_praxen,impfungen_zentrenetc,impfungen_alle
AZ,0,11,11
BNT/Pfizer,74114,6967,81081
BNT/Pfizer-Kinder,3085,0,3085
BNT/Pfizer-Omikron,840622,29476,870098
BNT162b2-KK,65,0,65
J&J,1457,12,1469
Moderna,1041,403,1444
Moderna-Omikron,8779,2387,11166
Novavax,516,1213,1729
Valneva,160,496,656
