Impfstoff,impfungen_praxen,impfungen_zentrenetc,impfungen_alle
AZ,0,20,20
BNT/Pfizer,70079,7964,78043
BNT/Pfizer-Kinder,2940,0,2940
BNT/Pfizer-Omikron,769479,38984,808463
BNT162b2-KK,49,0,49
J&J,1226,12,1238
Moderna,1004,385,1389
Moderna-Omikron,8071,2596,10667
Novavax,556,1290,1846
Valneva,144,528,672
