Impfstoff,impfungen_praxen,impfungen_zentrenetc,impfungen_alle
AZ,0,1,1
BNT/Pfizer,9127,2503,11630
BNT/Pfizer-Kinder,352,0,352
BNT/Pfizer-Kleinkind,156,0,156
BNT/Pfizer-Omikron,125323,16536,141859
BNT/Pfizer-Omikron-Kinder,1146,0,1146
J&J,177,18,195
Moderna,82,624,706
Moderna-Omikron,1727,1731,3458
Novavax,77,658,735
Sanofi,11,26,37
Valneva,7,357,364
