Impfstoff,impfungen_praxen,impfungen_zentrenetc,impfungen_alle
AZ,0,1,1
BNT/Pfizer,5629,1920,7549
BNT/Pfizer-Kinder,237,0,237
BNT/Pfizer-Kleinkind,132,0,132
BNT/Pfizer-Omikron,74294,11761,86055
BNT/Pfizer-Omikron-Kinder,719,0,719
J&J,123,18,141
Moderna,64,229,293
Moderna-Omikron,1259,1381,2640
Novavax,38,118,156
Sanofi,3,44,47
Valneva,7,326,333
