Impfstoff,impfungen_praxen,impfungen_zentrenetc,impfungen_alle
AZ,0,15,15
BNT/Pfizer,45910,20305,66215
BNT/Pfizer-Kinder,1882,0,1882
BNT/Pfizer-Kleinkind,150,0,150
BNT/Pfizer-Omikron,638294,114990,753284
BNT162b2-Kinder-VA,1216,0,1216
J&J,943,316,1259
Moderna,787,954,1741
Moderna-Omikron,5739,3215,8954
Novavax,393,1196,1589
Valneva,58,563,621
