Impfstoff,impfungen_praxen,impfungen_zentrenetc,impfungen_alle
AZ,0,7,7
BNT/Pfizer,68271,6024,74295
BNT/Pfizer-Kinder,2876,0,2876
BNT/Pfizer-Omikron,838450,22348,860798
BNT162b2-KK,139,0,139
J&J,1381,12,1393
Moderna,927,433,1360
Moderna-Omikron,8891,1789,10680
Novavax,525,963,1488
Valneva,138,799,937
