Impfstoff,impfungen_praxen,impfungen_zentrenetc,impfungen_alle
AZ,0,0,0
BNT/Pfizer,2177,1377,3554
BNT/Pfizer-Kinder,150,0,150
BNT/Pfizer-Kleinkind,109,0,109
BNT/Pfizer-Omikron,29172,6372,35544
BNT/Pfizer-Omikron-Kinder,237,0,237
J&J,51,6,57
Moderna,16,328,344
Moderna-Omikron,397,714,1111
Novavax,32,10,42
Sanofi,2,0,2
Valneva,4,162,166
