Impfstoff,impfungen_praxen,impfungen_zentrenetc,impfungen_alle
AZ,0,17,17
BNT/Pfizer,37404,13457,50861
BNT/Pfizer-Kinder,1138,0,1138
BNT/Pfizer-Kleinkind,235,0,235
BNT/Pfizer-Omikron,456604,102434,559038
BNT162b2-Kinder-VA,6176,0,6176
J&J,648,68,716
Moderna,928,1030,1958
Moderna-Omikron,4113,5932,10045
Novavax,201,1313,1514
Valneva,72,617,689
VAT00008,9,0,9
