Impfstoff,impfungen_praxen,impfungen_zentrenetc,impfungen_alle
AZ,0,0,0
BNT/Pfizer,10293,3048,13341
BNT/Pfizer-Kinder,431,0,431
BNT/Pfizer-Kleinkind,176,0,176
BNT/Pfizer-Omikron,137433,18626,156059
BNT/Pfizer-Omikron-Kinder,1328,0,1328
J&J,237,41,278
Moderna,176,556,732
Moderna-Omikron,1919,1918,3837
Novavax,76,757,833
Sanofi,11,37,48
Valneva,8,369,377
