Impfstoff,impfungen_praxen,impfungen_zentrenetc,impfungen_alle
AZ,0,15,15
BNT/Pfizer,48131,19573,67704
BNT/Pfizer-Kinder,2083,0,2083
BNT/Pfizer-Kleinkind,170,0,170
BNT/Pfizer-Omikron,672126,106548,778674
J&J,1012,369,1381
Moderna,778,680,1458
Moderna-Omikron,6111,2228,8339
Novavax,391,712,1103
Valneva,62,644,706
