Impfstoff,impfungen_praxen,impfungen_zentrenetc,impfungen_alle
AZ,0,7,7
BNT/Pfizer,39225,14539,53764
BNT/Pfizer-Kinder,1445,0,1445
BNT/Pfizer-Kleinkind,156,0,156
BNT/Pfizer-Omikron,509423,96513,605936
BNT162b2-Kinder-VA,4606,0,4606
J&J,798,74,872
Moderna,937,1068,2005
Moderna-Omikron,4403,4318,8721
Novavax,234,1192,1426
Valneva,75,466,541
VAT00008,9,0,9
