Impfstoff,impfungen_praxen,impfungen_zentrenetc,impfungen_alle
AZ,0,18,18
BNT/Pfizer,38516,14516,53032
BNT/Pfizer-Kinder,1268,0,1268
BNT/Pfizer-Kleinkind,241,0,241
BNT/Pfizer-Omikron,485077,98729,583806
BNT162b2-Kinder-VA,5396,0,5396
J&J,694,63,757
Moderna,1006,1100,2106
Moderna-Omikron,4166,5354,9520
Novavax,206,1234,1440
Valneva,79,553,632
VAT00008,9,0,9
