Impfstoff,impfungen_praxen,impfungen_zentrenetc,impfungen_alle
AZ,0,7,7
BNT/Pfizer,41047,15387,56434
BNT/Pfizer-Kinder,1555,0,1555
BNT/Pfizer-Kleinkind,157,0,157
BNT/Pfizer-Omikron,540387,95515,635902
BNT162b2-Kinder-VA,3998,0,3998
J&J,789,109,898
Moderna,898,1080,1978
Moderna-Omikron,4809,3802,8611
Novavax,259,1087,1346
Valneva,81,395,476
