Impfstoff,impfungen_praxen,impfungen_zentrenetc,impfungen_alle
AZ,0,3,3
BNT/Pfizer,15928,6964,22892
BNT/Pfizer-Kinder,476,0,476
BNT/Pfizer-Kleinkind,192,0,192
BNT/Pfizer-Omikron,156448,53083,209531
BNT162b2-Kinder-VA,1922,0,1922
J&J,210,34,244
Moderna,483,814,1297
Moderna-Omikron,1982,4182,6164
Novavax,93,703,796
Valneva,128,398,526
VAT00008,0,0,0
