Impfstoff,impfungen_praxen,impfungen_zentrenetc,impfungen_alle
AZ,0,22,22
BNT/Pfizer,34494,12203,46697
BNT/Pfizer-Kinder,1074,0,1074
BNT/Pfizer-Kleinkind,281,0,281
BNT/Pfizer-Omikron,407428,94180,501608
BNT162b2-Kinder-VA,5458,0,5458
J&J,594,87,681
Moderna,789,763,1552
Moderna-Omikron,3915,6061,9976
Novavax,193,746,939
Valneva,59,466,525
VAT00008,9,0,9
