Impfstoff,impfungen_praxen,impfungen_zentrenetc,impfungen_alle
AZ,0,1,1
BNT/Pfizer,12895,3552,16447
BNT/Pfizer-Kinder,543,0,543
BNT/Pfizer-Kleinkind,230,0,230
BNT/Pfizer-Omikron,173776,18777,192553
BNT/Pfizer-Omikron-Kinder,1526,0,1526
J&J,260,33,293
Moderna,413,492,905
Moderna-Omikron,2198,1708,3906
Novavax,76,761,837
Sanofi,2,0,2
Valneva,12,460,472
