Impfstoff,impfungen_praxen,impfungen_zentrenetc,impfungen_alle
AZ,0,20,20
BNT/Pfizer,70102,6735,76837
BNT/Pfizer-Kinder,2969,0,2969
BNT/Pfizer-Omikron,769305,33124,802429
BNT162b2-KK,44,0,44
J&J,1226,11,1237
Moderna,1000,337,1337
Moderna-Omikron,8084,2329,10413
Novavax,557,1157,1714
Valneva,144,470,614
