Impfstoff,impfungen_praxen,impfungen_zentrenetc,impfungen_alle
AZ,0,1,1
BNT/Pfizer,13385,4223,17608
BNT/Pfizer-Kinder,492,0,492
BNT/Pfizer-Kleinkind,223,0,223
BNT/Pfizer-Omikron,170935,23270,194205
BNT/Pfizer-Omikron-Kinder,1453,0,1453
J&J,266,34,300
Moderna,435,499,934
Moderna-Omikron,2215,2132,4347
Novavax,66,788,854
Sanofi,8,0,8
Valneva,11,480,491
