Impfstoff,impfungen_praxen,impfungen_zentrenetc,impfungen_alle
AZ,0,20,20
BNT/Pfizer,70079,6107,76186
BNT/Pfizer-Kinder,2940,0,2940
BNT/Pfizer-Omikron,769479,31553,801032
BNT162b2-KK,49,0,49
J&J,1226,11,1237
Moderna,1004,322,1326
Moderna-Omikron,8071,2164,10235
Novavax,556,1153,1709
Valneva,144,470,614
