Impfstoff,impfungen_praxen,impfungen_zentrenetc,impfungen_alle
AZ,0,20,20
BNT/Pfizer,55043,20110,75153
BNT/Pfizer-Kinder,2249,0,2249
BNT/Pfizer-Kleinkind,188,0,188
BNT/Pfizer-Omikron,734412,124894,859306
J&J,1329,44,1373
Moderna,735,560,1295
Moderna-Omikron,7318,2267,9585
Novavax,459,653,1112
Valneva,130,765,895
