Impfstoff,impfungen_praxen,impfungen_zentrenetc,impfungen_alle
AZ,0,20,20
BNT/Pfizer,54878,22469,77347
BNT/Pfizer-Kinder,2243,0,2243
BNT/Pfizer-Kleinkind,184,0,184
BNT/Pfizer-Omikron,734427,129856,864283
J&J,1329,45,1374
Moderna,731,754,1485
Moderna-Omikron,7304,2350,9654
Novavax,471,771,1242
Valneva,130,808,938
