Impfstoff,impfungen_praxen,impfungen_zentrenetc,impfungen_alle
AZ,0,0,0
BNT/Pfizer,5035,1310,6345
BNT/Pfizer-Kinder,172,0,172
BNT/Pfizer-Kleinkind,104,0,104
BNT/Pfizer-Omikron,54876,8976,63852
BNT/Pfizer-Omikron-Kinder,490,0,490
J&J,58,41,99
Moderna,58,113,171
Moderna-Omikron,995,1282,2277
Novavax,31,73,104
Sanofi,36,50,86
Valneva,96,221,317
