Impfstoff,impfungen_praxen,impfungen_zentrenetc,impfungen_alle
AZ,0,1,1
BNT/Pfizer,10788,3231,14019
BNT/Pfizer-Kinder,429,0,429
BNT/Pfizer-Kleinkind,173,0,173
BNT/Pfizer-Omikron,147349,19473,166822
BNT/Pfizer-Omikron-Kinder,1357,0,1357
J&J,238,39,277
Moderna,313,553,866
Moderna-Omikron,1938,1931,3869
Novavax,73,788,861
Sanofi,11,37,48
Valneva,13,430,443
