Impfstoff,impfungen_praxen,impfungen_zentrenetc,impfungen_alle
AZ,0,1,1
BNT/Pfizer,13129,3773,16902
BNT/Pfizer-Kinder,539,0,539
BNT/Pfizer-Kleinkind,239,0,239
BNT/Pfizer-Omikron,174297,19414,193711
BNT/Pfizer-Omikron-Kinder,1550,0,1550
J&J,243,35,278
Moderna,434,509,943
Moderna-Omikron,2213,1630,3843
Novavax,76,814,890
Sanofi,1,0,1
Valneva,12,506,518
