Impfstoff,impfungen_praxen,impfungen_zentrenetc,impfungen_alle
AZ,0,23,23
BNT/Pfizer,32425,11447,43872
BNT/Pfizer-Kinder,1105,0,1105
BNT/Pfizer-Kleinkind,288,0,288
BNT/Pfizer-Omikron,378377,84850,463227
BNT162b2-Kinder-VA,4791,0,4791
J&J,469,68,537
Moderna,630,789,1419
Moderna-Omikron,4005,5573,9578
Novavax,188,843,1031
Valneva,41,552,593
VAT00008,9,0,9
