Impfstoff,impfungen_praxen,impfungen_zentrenetc,impfungen_alle
AZ,0,1,1
BNT/Pfizer,12386,3564,15950
BNT/Pfizer-Kinder,409,0,409
BNT/Pfizer-Kleinkind,207,0,207
BNT/Pfizer-Omikron,72382,88488,160870
BNT162b2-BA.1,14522,0,14522
BNT162b2-BA.4/5,55795,0,55795
BNT162b2-Kinder-VA,1228,0,1228
J&J,180,7,187
Moderna,415,433,848
Moderna-Omikron,678,2470,3148
mRNA-1273-BA.1,271,0,271
mRNA-1273-BA.4/5,614,0,614
Novavax,53,648,701
Valneva,11,481,492
VAT00008,8,0,8
