Impfstoff,impfungen_praxen,impfungen_zentrenetc,impfungen_alle
AZ,0,6,6
BNT/Pfizer,2056,1390,3446
BNT/Pfizer-Kinder,172,0,172
BNT/Pfizer-Kleinkind,148,0,148
BNT/Pfizer-Omikron,26099,7068,33167
BNT/Pfizer-Omikron-Kinder,260,0,260
J&J,46,4,50
Moderna,46,215,261
Moderna-Omikron,470,1064,1534
Novavax,25,34,59
Sanofi,2,24,26
Valneva,121,295,416
