Impfstoff,impfungen_praxen,impfungen_zentrenetc,impfungen_alle
AZ,0,7,7
BNT/Pfizer,68271,5566,73837
BNT/Pfizer-Kinder,2876,0,2876
BNT/Pfizer-Omikron,838450,22303,860753
BNT162b2-KK,139,0,139
J&J,1381,12,1393
Moderna,927,415,1342
Moderna-Omikron,8891,1752,10643
Novavax,525,919,1444
Valneva,138,782,920
