Impfstoff,impfungen_praxen,impfungen_zentrenetc,impfungen_alle
AZ,0,1,1
BNT/Pfizer,13129,3841,16970
BNT/Pfizer-Kinder,539,0,539
BNT/Pfizer-Kleinkind,239,0,239
BNT/Pfizer-Omikron,174297,20122,194419
BNT/Pfizer-Omikron-Kinder,1550,0,1550
J&J,243,35,278
Moderna,434,511,945
Moderna-Omikron,2213,1851,4064
Novavax,76,816,892
Sanofi,1,0,1
Valneva,12,507,519
