Impfstoff,impfungen_praxen,impfungen_zentrenetc,impfungen_alle
AZ,0,4,4
BNT/Pfizer,43775,17890,61665
BNT/Pfizer-Kinder,1757,0,1757
BNT/Pfizer-Kleinkind,152,0,152
BNT/Pfizer-Omikron,591010,99806,690816
BNT162b2-Kinder-VA,2532,0,2532
J&J,879,202,1081
Moderna,818,1065,1883
Moderna-Omikron,4998,3354,8352
Novavax,351,1255,1606
Valneva,55,464,519
