Impfstoff,impfungen_praxen,impfungen_zentrenetc,impfungen_alle
AZ,0,7,7
BNT/Pfizer,39225,15518,54743
BNT/Pfizer-Kinder,1445,0,1445
BNT/Pfizer-Kleinkind,156,0,156
BNT/Pfizer-Omikron,509423,104369,613792
BNT162b2-Kinder-VA,4606,0,4606
J&J,798,75,873
Moderna,937,1087,2024
Moderna-Omikron,4403,4835,9238
Novavax,234,1283,1517
Valneva,75,525,600
VAT00008,9,0,9
