Impfstoff,impfungen_praxen,impfungen_zentrenetc,impfungen_alle
AZ,0,1,1
BNT/Pfizer,12455,3636,16091
BNT/Pfizer-Kinder,400,0,400
BNT/Pfizer-Kleinkind,182,0,182
BNT/Pfizer-Omikron,77762,88941,166703
BNT162b2-BA.1,14196,0,14196
BNT162b2-BA.4/5,54004,0,54004
BNT162b2-Kinder-VA,1152,0,1152
J&J,179,7,186
Moderna,364,435,799
Moderna-Omikron,838,2472,3310
mRNA-1273-BA.1,245,0,245
mRNA-1273-BA.4/5,598,0,598
Novavax,67,656,723
Valneva,11,488,499
VAT00008,8,0,8
