Impfstoff,impfungen_praxen,impfungen_zentrenetc,impfungen_alle
AZ,0,6,6
BNT/Pfizer,68987,3304,72291
BNT/Pfizer-Kinder,2638,0,2638
BNT/Pfizer-Omikron,834912,12857,847769
BNT162b2-KK,160,0,160
J&J,1452,4,1456
Moderna,930,408,1338
Moderna-Omikron,9287,1419,10706
Novavax,499,793,1292
Valneva,126,737,863
