Impfstoff,impfungen_praxen,impfungen_zentrenetc,impfungen_alle
AZ,0,19,19
BNT/Pfizer,69310,12044,81354
BNT/Pfizer-Kinder,3035,0,3035
BNT/Pfizer-Omikron,752371,57799,810170
BNT162b2-KK,10,0,10
J&J,1190,13,1203
Moderna,1154,444,1598
Moderna-Omikron,8187,2497,10684
Novavax,523,937,1460
Valneva,194,612,806
