Impfstoff,impfungen_praxen,impfungen_zentrenetc,impfungen_alle
AZ,0,0,0
BNT/Pfizer,10019,2725,12744
BNT/Pfizer-Kinder,424,0,424
BNT/Pfizer-Kleinkind,164,0,164
BNT/Pfizer-Omikron,136551,16240,152791
BNT/Pfizer-Omikron-Kinder,1295,0,1295
J&J,236,39,275
Moderna,82,528,610
Moderna-Omikron,1933,1544,3477
Novavax,74,719,793
Sanofi,11,37,48
Valneva,8,357,365
