Impfstoff,impfungen_praxen,impfungen_zentrenetc,impfungen_alle
AZ,0,20,20
BNT/Pfizer,54686,21682,76368
BNT/Pfizer-Kinder,2177,0,2177
BNT/Pfizer-Kleinkind,180,0,180
BNT/Pfizer-Omikron,738479,134978,873457
J&J,1325,47,1372
Moderna,746,657,1403
Moderna-Omikron,7317,2515,9832
Novavax,461,775,1236
Valneva,130,796,926
