Impfstoff,impfungen_praxen,impfungen_zentrenetc,impfungen_alle
AZ,0,9,9
BNT/Pfizer,25601,9466,35067
BNT/Pfizer-Kinder,922,0,922
BNT/Pfizer-Kleinkind,278,0,278
BNT/Pfizer-Omikron,288714,69522,358236
BNT162b2-Kinder-VA,3812,0,3812
J&J,387,82,469
Moderna,671,713,1384
Moderna-Omikron,3256,4948,8204
Novavax,170,776,946
Valneva,131,444,575
VAT00008,0,0,0
