Impfstoff,impfungen_praxen,impfungen_zentrenetc,impfungen_alle
AZ,0,23,23
BNT/Pfizer,35164,12546,47710
BNT/Pfizer-Kinder,1077,0,1077
BNT/Pfizer-Kleinkind,251,0,251
BNT/Pfizer-Omikron,421827,96296,518123
BNT162b2-Kinder-VA,5855,0,5855
J&J,589,94,683
Moderna,853,796,1649
Moderna-Omikron,3873,5699,9572
Novavax,210,959,1169
Valneva,65,514,579
VAT00008,9,0,9
