Impfstoff,impfungen_praxen,impfungen_zentrenetc,impfungen_alle
AZ,0,0,0
BNT/Pfizer,4776,1336,6112
BNT/Pfizer-Kinder,169,0,169
BNT/Pfizer-Kleinkind,98,0,98
BNT/Pfizer-Omikron,50494,9161,59655
BNT/Pfizer-Omikron-Kinder,417,0,417
J&J,55,50,105
Moderna,54,133,187
Moderna-Omikron,943,1404,2347
Novavax,27,83,110
Sanofi,36,45,81
Valneva,96,178,274
