Impfstoff,impfungen_praxen,impfungen_zentrenetc,impfungen_alle
AZ,0,0,0
BNT/Pfizer,2281,1548,3829
BNT/Pfizer-Kinder,139,0,139
BNT/Pfizer-Kleinkind,120,0,120
BNT/Pfizer-Omikron,32184,7652,39836
BNT/Pfizer-Omikron-Kinder,236,0,236
J&J,59,5,64
Moderna,21,391,412
Moderna-Omikron,489,1033,1522
Novavax,35,50,85
Sanofi,3,0,3
Valneva,5,149,154
