Impfstoff,impfungen_praxen,impfungen_zentrenetc,impfungen_alle
AZ,0,1,1
BNT/Pfizer,13417,4196,17613
BNT/Pfizer-Kinder,513,0,513
BNT/Pfizer-Kleinkind,221,0,221
BNT/Pfizer-Omikron,165123,23637,188760
BNT/Pfizer-Omikron-Kinder,1444,0,1444
J&J,262,34,296
Moderna,430,532,962
Moderna-Omikron,2032,2138,4170
Novavax,58,744,802
Sanofi,8,0,8
Valneva,11,443,454
