Impfstoff,impfungen_praxen,impfungen_zentrenetc,impfungen_alle
AZ,0,14,14
BNT/Pfizer,62146,4384,66530
BNT/Pfizer-Kinder,2359,0,2359
BNT/Pfizer-Omikron,809056,14365,823421
BNT162b2-KK,168,0,168
J&J,1406,4,1410
Moderna,915,377,1292
Moderna-Omikron,8468,1135,9603
Novavax,469,859,1328
Valneva,124,792,916
