Impfstoff,impfungen_praxen,impfungen_zentrenetc,impfungen_alle
AZ,0,5,5
BNT/Pfizer,43775,19129,62904
BNT/Pfizer-Kinder,1757,0,1757
BNT/Pfizer-Kleinkind,152,0,152
BNT/Pfizer-Omikron,591010,108985,699995
BNT162b2-Kinder-VA,2532,0,2532
J&J,879,210,1089
Moderna,818,1087,1905
Moderna-Omikron,4998,3866,8864
Novavax,351,1268,1619
Valneva,55,468,523
