Impfstoff,impfungen_praxen,impfungen_zentrenetc,impfungen_alle
AZ,0,11,11
BNT/Pfizer,74114,7266,81380
BNT/Pfizer-Kinder,3085,0,3085
BNT/Pfizer-Omikron,840622,29674,870296
BNT162b2-KK,65,0,65
J&J,1457,12,1469
Moderna,1041,406,1447
Moderna-Omikron,8779,2425,11204
Novavax,516,1239,1755
Valneva,160,500,660
