Impfstoff,impfungen_praxen,impfungen_zentrenetc,impfungen_alle
AZ,0,20,20
BNT/Pfizer,72163,9467,81630
BNT/Pfizer-Kinder,2961,0,2961
BNT/Pfizer-Omikron,768322,52217,820539
BNT162b2-KK,26,0,26
J&J,1279,11,1290
Moderna,1078,478,1556
Moderna-Omikron,8386,2794,11180
Novavax,546,1305,1851
Valneva,191,695,886
