Impfstoff,impfungen_praxen,impfungen_zentrenetc,impfungen_alle
AZ,0,1,1
BNT/Pfizer,13291,3901,17192
BNT/Pfizer-Kinder,531,0,531
BNT/Pfizer-Kleinkind,226,0,226
BNT/Pfizer-Omikron,174574,21380,195954
BNT/Pfizer-Omikron-Kinder,1548,0,1548
J&J,269,34,303
Moderna,434,469,903
Moderna-Omikron,2279,1924,4203
Novavax,76,775,851
Sanofi,1,0,1
Valneva,13,479,492
