Impfstoff,impfungen_praxen,impfungen_zentrenetc,impfungen_alle
AZ,0,0,0
BNT/Pfizer,4251,1341,5592
BNT/Pfizer-Kinder,194,0,194
BNT/Pfizer-Kleinkind,127,0,127
BNT/Pfizer-Omikron,57715,9499,67214
BNT/Pfizer-Omikron-Kinder,594,0,594
J&J,82,42,124
Moderna,45,100,145
Moderna-Omikron,988,1283,2271
Novavax,32,54,86
Sanofi,39,50,89
Valneva,97,221,318
