Impfstoff,impfungen_praxen,impfungen_zentrenetc,impfungen_alle
AZ,0,0,0
BNT/Pfizer,9822,2620,12442
BNT/Pfizer-Kinder,420,0,420
BNT/Pfizer-Kleinkind,162,0,162
BNT/Pfizer-Omikron,133760,16488,150248
BNT/Pfizer-Omikron-Kinder,1236,0,1236
J&J,218,42,260
Moderna,83,569,652
Moderna-Omikron,1894,1625,3519
Novavax,78,748,826
Sanofi,11,32,43
Valneva,8,357,365
