Impfstoff,impfungen_praxen,impfungen_zentrenetc,impfungen_alle
AZ,0,0,0
BNT/Pfizer,3673,1365,5038
BNT/Pfizer-Kinder,165,0,165
BNT/Pfizer-Kleinkind,129,0,129
BNT/Pfizer-Omikron,37089,8297,45386
BNT/Pfizer-Omikron-Kinder,269,0,269
J&J,47,18,65
Moderna,37,213,250
Moderna-Omikron,797,1558,2355
Novavax,25,98,123
Sanofi,23,5,28
Valneva,18,11,29
