Impfstoff,impfungen_praxen,impfungen_zentrenetc,impfungen_alle
AZ,0,1,1
BNT/Pfizer,13417,3926,17343
BNT/Pfizer-Kinder,513,0,513
BNT/Pfizer-Kleinkind,221,0,221
BNT/Pfizer-Omikron,52820,2192,55012
BNT162b2-BA.1,22637,0,22637
BNT162b2-BA.4/5,89666,0,89666
BNT162b2-Kinder-VA,1444,0,1444
J&J,262,31,293
Moderna,430,495,925
Moderna-Omikron,556,581,1137
mRNA-1273-BA.1,417,0,417
mRNA-1273-BA.4/5,1059,0,1059
Novavax,58,631,689
Valneva,11,378,389
VAT00008,8,0,8
