Impfstoff,impfungen_praxen,impfungen_zentrenetc,impfungen_alle
AZ,0,0,0
BNT/Pfizer,4161,1359,5520
BNT/Pfizer-Kinder,145,0,145
BNT/Pfizer-Kleinkind,118,0,118
BNT/Pfizer-Omikron,42852,8731,51583
BNT/Pfizer-Omikron-Kinder,375,0,375
J&J,38,42,80
Moderna,47,132,179
Moderna-Omikron,877,1358,2235
Novavax,14,86,100
Sanofi,36,11,47
Valneva,97,77,174
