Impfstoff,impfungen_praxen,impfungen_zentrenetc,impfungen_alle
AZ,0,19,19
BNT/Pfizer,67409,11095,78504
BNT/Pfizer-Kinder,2822,0,2822
BNT/Pfizer-Omikron,742207,56450,798657
BNT162b2-KK,1,0,1
J&J,1198,3,1201
Moderna,1147,438,1585
Moderna-Omikron,7879,2214,10093
Novavax,505,951,1456
Valneva,195,639,834
