Impfstoff,impfungen_praxen,impfungen_zentrenetc,impfungen_alle
AZ,0,9,9
BNT/Pfizer,25764,10284,36048
BNT/Pfizer-Kinder,937,0,937
BNT/Pfizer-Kleinkind,290,0,290
BNT/Pfizer-Omikron,291626,75526,367152
BNT162b2-Kinder-VA,3824,0,3824
J&J,387,82,469
Moderna,678,764,1442
Moderna-Omikron,3308,5410,8718
Novavax,171,798,969
Valneva,131,449,580
VAT00008,0,0,0
