Impfstoff,impfungen_praxen,impfungen_zentrenetc,impfungen_alle
AZ,0,1,1
BNT/Pfizer,7591,2525,10116
BNT/Pfizer-Kinder,262,0,262
BNT/Pfizer-Kleinkind,146,0,146
BNT/Pfizer-Omikron,100095,14198,114293
BNT/Pfizer-Omikron-Kinder,993,0,993
J&J,178,16,194
Moderna,55,574,629
Moderna-Omikron,1539,1608,3147
Novavax,56,432,488
Sanofi,11,9,20
Valneva,5,315,320
