Impfstoff,impfungen_praxen,impfungen_zentrenetc,impfungen_alle
AZ,0,0,0
BNT/Pfizer,2627,1410,4037
BNT/Pfizer-Kinder,136,0,136
BNT/Pfizer-Kleinkind,124,0,124
BNT/Pfizer-Omikron,35356,7385,42741
BNT/Pfizer-Omikron-Kinder,247,0,247
J&J,51,9,60
Moderna,25,302,327
Moderna-Omikron,623,1095,1718
Novavax,30,53,83
Sanofi,1,5,6
Valneva,9,78,87
