Impfstoff,impfungen_praxen,impfungen_zentrenetc,impfungen_alle
AZ,0,3,3
BNT/Pfizer,15928,6417,22345
BNT/Pfizer-Kinder,476,0,476
BNT/Pfizer-Kleinkind,192,0,192
BNT/Pfizer-Omikron,156448,52894,209342
BNT162b2-Kinder-VA,1922,0,1922
J&J,210,34,244
Moderna,483,749,1232
Moderna-Omikron,1982,4174,6156
Novavax,93,701,794
Valneva,128,397,525
VAT00008,0,0,0
