Impfstoff,impfungen_praxen,impfungen_zentrenetc,impfungen_alle
AZ,0,1,1
BNT/Pfizer,6977,2295,9272
BNT/Pfizer-Kinder,266,0,266
BNT/Pfizer-Kleinkind,160,0,160
BNT/Pfizer-Omikron,91582,14857,106439
BNT/Pfizer-Omikron-Kinder,916,0,916
J&J,146,17,163
Moderna,61,477,538
Moderna-Omikron,1551,1723,3274
Novavax,59,333,392
Sanofi,3,10,13
Valneva,4,278,282
