Impfstoff,impfungen_praxen,impfungen_zentrenetc,impfungen_alle
AZ,0,0,0
BNT/Pfizer,2608,1510,4118
BNT/Pfizer-Kinder,146,0,146
BNT/Pfizer-Kleinkind,118,0,118
BNT/Pfizer-Omikron,34943,7989,42932
BNT/Pfizer-Omikron-Kinder,230,0,230
J&J,44,19,63
Moderna,19,323,342
Moderna-Omikron,631,1207,1838
Novavax,30,56,86
Sanofi,1,5,6
Valneva,7,78,85
