Impfstoff,impfungen_praxen,impfungen_zentrenetc,impfungen_alle
AZ,0,1,1
BNT/Pfizer,12124,3565,15689
BNT/Pfizer-Kinder,409,0,409
BNT/Pfizer-Kleinkind,206,0,206
BNT/Pfizer-Omikron,72650,88547,161197
BNT162b2-BA.1,14463,0,14463
BNT162b2-BA.4/5,54958,0,54958
BNT162b2-Kinder-VA,1223,0,1223
J&J,179,7,186
Moderna,324,433,757
Moderna-Omikron,678,2470,3148
mRNA-1273-BA.1,254,0,254
mRNA-1273-BA.4/5,614,0,614
Novavax,52,648,700
Valneva,11,481,492
VAT00008,8,0,8
