Impfstoff,impfungen_praxen,impfungen_zentrenetc,impfungen_alle
AZ,0,0,0
BNT/Pfizer,2177,1485,3662
BNT/Pfizer-Kinder,150,0,150
BNT/Pfizer-Kleinkind,109,0,109
BNT/Pfizer-Omikron,29172,6820,35992
BNT/Pfizer-Omikron-Kinder,237,0,237
J&J,51,7,58
Moderna,16,328,344
Moderna-Omikron,397,876,1273
Novavax,32,12,44
Sanofi,2,0,2
Valneva,4,222,226
