Impfstoff,impfungen_praxen,impfungen_zentrenetc,impfungen_alle
AZ,0,1,1
BNT/Pfizer,13385,3827,17212
BNT/Pfizer-Kinder,492,0,492
BNT/Pfizer-Kleinkind,223,0,223
BNT/Pfizer-Omikron,170935,21480,192415
BNT/Pfizer-Omikron-Kinder,1453,0,1453
J&J,266,34,300
Moderna,435,470,905
Moderna-Omikron,2215,1967,4182
Novavax,66,682,748
Sanofi,8,0,8
Valneva,11,409,420
