Impfstoff,impfungen_praxen,impfungen_zentrenetc,impfungen_alle
AZ,0,0,0
BNT/Pfizer,2285,1463,3748
BNT/Pfizer-Kinder,144,0,144
BNT/Pfizer-Kleinkind,125,0,125
BNT/Pfizer-Omikron,30847,6655,37502
BNT/Pfizer-Omikron-Kinder,235,0,235
J&J,65,6,71
Moderna,19,343,362
Moderna-Omikron,457,748,1205
Novavax,37,31,68
Sanofi,2,0,2
Valneva,4,163,167
