Impfstoff,impfungen_praxen,impfungen_zentrenetc,impfungen_alle
AZ,0,5,5
BNT/Pfizer,42561,16674,59235
BNT/Pfizer-Kinder,1680,0,1680
BNT/Pfizer-Kleinkind,148,0,148
BNT/Pfizer-Omikron,563911,98948,662859
BNT162b2-Kinder-VA,3239,0,3239
J&J,880,146,1026
Moderna,864,1058,1922
Moderna-Omikron,4794,3596,8390
Novavax,327,1169,1496
Valneva,81,436,517
