Impfstoff,impfungen_praxen,impfungen_zentrenetc,impfungen_alle
AZ,0,0,0
BNT/Pfizer,10293,2868,13161
BNT/Pfizer-Kinder,431,0,431
BNT/Pfizer-Kleinkind,176,0,176
BNT/Pfizer-Omikron,137433,17037,154470
BNT/Pfizer-Omikron-Kinder,1328,0,1328
J&J,237,39,276
Moderna,176,476,652
Moderna-Omikron,1919,1761,3680
Novavax,76,727,803
Sanofi,11,37,48
Valneva,8,368,376
