Impfstoff,impfungen_praxen,impfungen_zentrenetc,impfungen_alle
AZ,0,0,0
BNT/Pfizer,4042,1260,5302
BNT/Pfizer-Kinder,168,0,168
BNT/Pfizer-Kleinkind,119,0,119
BNT/Pfizer-Omikron,40171,7861,48032
BNT/Pfizer-Omikron-Kinder,347,0,347
J&J,28,42,70
Moderna,42,125,167
Moderna-Omikron,791,1434,2225
Novavax,19,65,84
Sanofi,37,11,48
Valneva,97,54,151
