Impfstoff,impfungen_praxen,impfungen_zentrenetc,impfungen_alle
AZ,0,6,6
BNT/Pfizer,11387,4426,15813
BNT/Pfizer-Kinder,331,0,331
BNT/Pfizer-Kleinkind,139,0,139
BNT/Pfizer-Omikron,100590,25837,126427
BNT162b2-Kinder-VA,758,0,758
J&J,159,10,169
Moderna,167,610,777
Moderna-Omikron,1125,2274,3399
Novavax,97,671,768
Valneva,6,452,458
VAT00008,8,0,8
