Impfstoff,impfungen_praxen,impfungen_zentrenetc,impfungen_alle
AZ,0,6,6
BNT/Pfizer,11417,3868,15285
BNT/Pfizer-Kinder,322,0,322
BNT/Pfizer-Kleinkind,149,0,149
BNT/Pfizer-Omikron,94023,21368,115391
BNT162b2-BA.1,4344,0,4344
BNT162b2-BA.4/5,18235,0,18235
BNT162b2-Kinder-VA,900,0,900
J&J,165,7,172
Moderna,231,435,666
Moderna-Omikron,1070,1898,2968
mRNA-1273-BA.1,75,0,75
mRNA-1273-BA.4/5,201,0,201
Novavax,105,584,689
Valneva,8,406,414
VAT00008,8,0,8
