Impfstoff,impfungen_praxen,impfungen_zentrenetc,impfungen_alle
AZ,0,6,6
BNT/Pfizer,10359,4611,14970
BNT/Pfizer-Kinder,236,0,236
BNT/Pfizer-Kleinkind,122,0,122
BNT/Pfizer-Omikron,86034,28208,114242
BNT162b2-Kinder-VA,650,0,650
J&J,113,10,123
Moderna,150,715,865
Moderna-Omikron,1027,2500,3527
Novavax,99,644,743
Valneva,8,438,446
VAT00008,7,0,7
