Impfstoff,impfungen_praxen,impfungen_zentrenetc,impfungen_alle
AZ,0,3,3
BNT/Pfizer,18378,6431,24809
BNT/Pfizer-Kinder,596,0,596
BNT/Pfizer-Kleinkind,199,0,199
BNT/Pfizer-Omikron,199183,50556,249739
BNT162b2-Kinder-VA,2425,0,2425
J&J,276,32,308
Moderna,536,565,1101
Moderna-Omikron,2259,3892,6151
Novavax,119,605,724
Valneva,131,351,482
VAT00008,0,0,0
