Impfstoff,impfungen_praxen,impfungen_zentrenetc,impfungen_alle
AZ,0,15,15
BNT/Pfizer,48131,21584,69715
BNT/Pfizer-Kinder,2083,0,2083
BNT/Pfizer-Kleinkind,170,0,170
BNT/Pfizer-Omikron,672126,118776,790902
J&J,1012,372,1384
Moderna,778,927,1705
Moderna-Omikron,6111,2925,9036
Novavax,391,1075,1466
Valneva,62,826,888
