Impfstoff,impfungen_praxen,impfungen_zentrenetc,impfungen_alle
AZ,0,11,11
BNT/Pfizer,73554,6551,80105
BNT/Pfizer-Kinder,3162,0,3162
BNT/Pfizer-Omikron,848722,26690,875412
BNT162b2-KK,98,0,98
J&J,1499,12,1511
Moderna,1022,400,1422
Moderna-Omikron,9217,2189,11406
Novavax,538,1090,1628
Valneva,136,459,595
