Impfstoff,impfungen_praxen,impfungen_zentrenetc,impfungen_alle
AZ,0,14,14
BNT/Pfizer,59277,4384,63661
BNT/Pfizer-Kinder,2346,0,2346
BNT/Pfizer-Omikron,786524,14365,800889
BNT162b2-KK,167,0,167
J&J,1415,4,1419
Moderna,827,365,1192
Moderna-Omikron,7924,1066,8990
Novavax,512,682,1194
Valneva,124,726,850
