Impfstoff,impfungen_praxen,impfungen_zentrenetc,impfungen_alle
AZ,0,1,1
BNT/Pfizer,12215,3253,15468
BNT/Pfizer-Kinder,474,0,474
BNT/Pfizer-Kleinkind,217,0,217
BNT/Pfizer-Omikron,167417,19250,186667
BNT/Pfizer-Omikron-Kinder,1504,0,1504
J&J,240,33,273
Moderna,396,559,955
Moderna-Omikron,2187,1799,3986
Novavax,69,717,786
Sanofi,11,0,11
Valneva,14,431,445
