Impfstoff,impfungen_praxen,impfungen_zentrenetc,impfungen_alle
AZ,0,15,15
BNT/Pfizer,51077,22004,73081
BNT/Pfizer-Kinder,2244,0,2244
BNT/Pfizer-Kleinkind,197,0,197
BNT/Pfizer-Omikron,696074,121713,817787
J&J,1093,420,1513
Moderna,749,788,1537
Moderna-Omikron,6697,2443,9140
Novavax,435,760,1195
Valneva,91,730,821
