Impfstoff,impfungen_praxen,impfungen_zentrenetc,impfungen_alle
AZ,0,0,0
BNT/Pfizer,4984,1475,6459
BNT/Pfizer-Kinder,212,0,212
BNT/Pfizer-Kleinkind,144,0,144
BNT/Pfizer-Omikron,65445,10111,75556
BNT/Pfizer-Omikron-Kinder,671,0,671
J&J,109,21,130
Moderna,51,71,122
Moderna-Omikron,1132,1182,2314
Novavax,30,57,87
Sanofi,17,45,62
Valneva,87,309,396
