Impfstoff,impfungen_praxen,impfungen_zentrenetc,impfungen_alle
AZ,0,0,0
BNT/Pfizer,2126,1459,3585
BNT/Pfizer-Kinder,162,0,162
BNT/Pfizer-Kleinkind,125,0,125
BNT/Pfizer-Omikron,26972,6931,33903
BNT/Pfizer-Omikron-Kinder,246,0,246
J&J,40,7,47
Moderna,42,288,330
Moderna-Omikron,420,895,1315
Novavax,26,11,37
Sanofi,2,0,2
Valneva,118,241,359
