Impfstoff,impfungen_praxen,impfungen_zentrenetc,impfungen_alle
AZ,0,14,14
BNT/Pfizer,62146,3988,66134
BNT/Pfizer-Kinder,2359,0,2359
BNT/Pfizer-Omikron,809056,13993,823049
BNT162b2-KK,168,0,168
J&J,1406,4,1410
Moderna,915,366,1281
Moderna-Omikron,8468,1097,9565
Novavax,469,773,1242
Valneva,124,762,886
