Impfstoff,impfungen_praxen,impfungen_zentrenetc,impfungen_alle
AZ,0,23,23
BNT/Pfizer,28125,10974,39099
BNT/Pfizer-Kinder,979,0,979
BNT/Pfizer-Kleinkind,305,0,305
BNT/Pfizer-Omikron,315042,81640,396682
BNT162b2-Kinder-VA,4068,0,4068
J&J,402,84,486
Moderna,743,813,1556
Moderna-Omikron,3565,5753,9318
Novavax,178,896,1074
Valneva,143,535,678
VAT00008,0,0,0
