Impfstoff,impfungen_praxen,impfungen_zentrenetc,impfungen_alle
AZ,0,0,0
BNT/Pfizer,3024,1331,4355
BNT/Pfizer-Kinder,139,0,139
BNT/Pfizer-Kleinkind,109,0,109
BNT/Pfizer-Omikron,35116,7358,42474
BNT/Pfizer-Omikron-Kinder,236,0,236
J&J,41,15,56
Moderna,36,315,351
Moderna-Omikron,644,1177,1821
Novavax,25,74,99
Sanofi,1,5,6
Valneva,7,45,52
