Impfstoff,impfungen_praxen,impfungen_zentrenetc,impfungen_alle
AZ,0,17,17
BNT/Pfizer,38376,14353,52729
BNT/Pfizer-Kinder,1269,0,1269
BNT/Pfizer-Kleinkind,246,0,246
BNT/Pfizer-Omikron,475911,102527,578438
BNT162b2-Kinder-VA,5590,0,5590
J&J,716,65,781
Moderna,985,1059,2044
Moderna-Omikron,4135,5804,9939
Novavax,208,1274,1482
Valneva,72,571,643
VAT00008,9,0,9
