Impfstoff,impfungen_praxen,impfungen_zentrenetc,impfungen_alle
AZ,0,0,0
BNT/Pfizer,4735,1370,6105
BNT/Pfizer-Kinder,193,0,193
BNT/Pfizer-Kleinkind,123,0,123
BNT/Pfizer-Omikron,57415,8959,66374
BNT/Pfizer-Omikron-Kinder,529,0,529
J&J,85,43,128
Moderna,45,91,136
Moderna-Omikron,1021,1275,2296
Novavax,32,45,77
Sanofi,39,50,89
Valneva,97,222,319
