Impfstoff,impfungen_praxen,impfungen_zentrenetc,impfungen_alle
AZ,0,1,1
BNT/Pfizer,13291,4124,17415
BNT/Pfizer-Kinder,531,0,531
BNT/Pfizer-Kleinkind,226,0,226
BNT/Pfizer-Omikron,174574,21968,196542
BNT/Pfizer-Omikron-Kinder,1548,0,1548
J&J,269,35,304
Moderna,434,562,996
Moderna-Omikron,2279,1989,4268
Novavax,76,871,947
Sanofi,1,0,1
Valneva,13,532,545
