Impfstoff,impfungen_praxen,impfungen_zentrenetc,impfungen_alle
AZ,0,0,0
BNT/Pfizer,3036,1428,4464
BNT/Pfizer-Kinder,140,0,140
BNT/Pfizer-Kleinkind,109,0,109
BNT/Pfizer-Omikron,35023,7824,42847
BNT/Pfizer-Omikron-Kinder,235,0,235
J&J,41,18,59
Moderna,36,323,359
Moderna-Omikron,693,1257,1950
Novavax,25,66,91
Sanofi,1,5,6
Valneva,7,74,81
