Impfstoff,impfungen_praxen,impfungen_zentrenetc,impfungen_alle
AZ,0,1,1
BNT/Pfizer,9822,2795,12617
BNT/Pfizer-Kinder,420,0,420
BNT/Pfizer-Kleinkind,162,0,162
BNT/Pfizer-Omikron,133760,18192,151952
BNT/Pfizer-Omikron-Kinder,1236,0,1236
J&J,218,43,261
Moderna,83,649,732
Moderna-Omikron,1894,1852,3746
Novavax,78,754,832
Sanofi,11,32,43
Valneva,8,357,365
