Impfstoff,impfungen_praxen,impfungen_zentrenetc,impfungen_alle
AZ,0,0,0
BNT/Pfizer,4668,1371,6039
BNT/Pfizer-Kinder,218,0,218
BNT/Pfizer-Kleinkind,147,0,147
BNT/Pfizer-Omikron,60931,9838,70769
BNT/Pfizer-Omikron-Kinder,639,0,639
J&J,107,41,148
Moderna,46,97,143
Moderna-Omikron,1093,1180,2273
Novavax,32,56,88
Sanofi,37,50,87
Valneva,87,248,335
