Impfstoff,impfungen_praxen,impfungen_zentrenetc,impfungen_alle
AZ,0,9,9
BNT/Pfizer,25369,9158,34527
BNT/Pfizer-Kinder,867,0,867
BNT/Pfizer-Kleinkind,206,0,206
BNT/Pfizer-Omikron,287613,68093,355706
BNT162b2-Kinder-VA,3486,0,3486
J&J,387,45,432
Moderna,667,627,1294
Moderna-Omikron,3228,4874,8102
Novavax,170,765,935
Valneva,131,443,574
VAT00008,0,0,0
