Impfstoff,impfungen_praxen,impfungen_zentrenetc,impfungen_alle
AZ,0,22,22
BNT/Pfizer,34678,12157,46835
BNT/Pfizer-Kinder,1078,0,1078
BNT/Pfizer-Kleinkind,269,0,269
BNT/Pfizer-Omikron,409687,94674,504361
BNT162b2-Kinder-VA,5569,0,5569
J&J,606,93,699
Moderna,781,731,1512
Moderna-Omikron,3964,5761,9725
Novavax,191,808,999
Valneva,59,465,524
VAT00008,9,0,9
