Impfstoff,impfungen_praxen,impfungen_zentrenetc,impfungen_alle
AZ,0,0,0
BNT/Pfizer,4091,1387,5478
BNT/Pfizer-Kinder,169,0,169
BNT/Pfizer-Kleinkind,122,0,122
BNT/Pfizer-Omikron,40156,8498,48654
BNT/Pfizer-Omikron-Kinder,346,0,346
J&J,32,44,76
Moderna,38,125,163
Moderna-Omikron,817,1517,2334
Novavax,20,67,87
Sanofi,36,11,47
Valneva,96,54,150
