Impfstoff,impfungen_praxen,impfungen_zentrenetc,impfungen_alle
AZ,0,0,0
BNT/Pfizer,10019,2939,12958
BNT/Pfizer-Kinder,424,0,424
BNT/Pfizer-Kleinkind,164,0,164
BNT/Pfizer-Omikron,136551,17892,154443
BNT/Pfizer-Omikron-Kinder,1295,0,1295
J&J,236,42,278
Moderna,82,609,691
Moderna-Omikron,1933,1768,3701
Novavax,74,751,825
Sanofi,11,37,48
Valneva,8,359,367
