Impfstoff,impfungen_praxen,impfungen_zentrenetc,impfungen_alle
AZ,0,5,5
BNT/Pfizer,70834,7373,78207
BNT/Pfizer-Kinder,2961,0,2961
BNT/Pfizer-Omikron,787545,35177,822722
BNT162b2-KK,58,0,58
J&J,1158,12,1170
Moderna,947,362,1309
Moderna-Omikron,8368,2479,10847
Novavax,526,1280,1806
Valneva,131,519,650
