Impfstoff,impfungen_praxen,impfungen_zentrenetc,impfungen_alle
AZ,0,9,9
BNT/Pfizer,23755,8342,32097
BNT/Pfizer-Kinder,731,0,731
BNT/Pfizer-Kleinkind,194,0,194
BNT/Pfizer-Omikron,270981,62341,333322
BNT162b2-Kinder-VA,3301,0,3301
J&J,346,54,400
Moderna,641,663,1304
Moderna-Omikron,3080,4423,7503
Novavax,157,705,862
Valneva,130,419,549
VAT00008,0,0,0
