Impfstoff,impfungen_praxen,impfungen_zentrenetc,impfungen_alle
AZ,0,7,7
BNT/Pfizer,42561,17557,60118
BNT/Pfizer-Kinder,1680,0,1680
BNT/Pfizer-Kleinkind,148,0,148
BNT/Pfizer-Omikron,563911,107074,670985
BNT162b2-Kinder-VA,3239,0,3239
J&J,880,146,1026
Moderna,864,1120,1984
Moderna-Omikron,4794,4052,8846
Novavax,327,1183,1510
Valneva,81,439,520
