Impfstoff,impfungen_praxen,impfungen_zentrenetc,impfungen_alle
AZ,0,1,1
BNT/Pfizer,7430,2388,9818
BNT/Pfizer-Kinder,276,0,276
BNT/Pfizer-Kleinkind,164,0,164
BNT/Pfizer-Omikron,97435,14361,111796
BNT/Pfizer-Omikron-Kinder,977,0,977
J&J,170,16,186
Moderna,57,509,566
Moderna-Omikron,1580,1622,3202
Novavax,56,392,448
Sanofi,13,5,18
Valneva,6,283,289
