Impfstoff,impfungen_praxen,impfungen_zentrenetc,impfungen_alle
AZ,0,17,17
BNT/Pfizer,57087,20840,77927
BNT/Pfizer-Kinder,2301,0,2301
BNT/Pfizer-Omikron,762051,132339,894390
BNT162b2-KK,179,0,179
J&J,1337,37,1374
Moderna,793,623,1416
Moderna-Omikron,7523,2570,10093
Novavax,458,785,1243
Valneva,123,799,922
