Impfstoff,impfungen_praxen,impfungen_zentrenetc,impfungen_alle
AZ,0,1,1
BNT/Pfizer,13252,4074,17326
BNT/Pfizer-Kinder,477,0,477
BNT/Pfizer-Kleinkind,200,0,200
BNT/Pfizer-Omikron,62806,2661,65467
BNT162b2-BA.1,19729,0,19729
BNT162b2-BA.4/5,75273,0,75273
BNT162b2-Kinder-VA,1358,0,1358
J&J,248,31,279
Moderna,410,497,907
Moderna-Omikron,629,669,1298
mRNA-1273-BA.1,349,0,349
mRNA-1273-BA.4/5,938,0,938
Novavax,49,735,784
Valneva,12,461,473
VAT00008,8,0,8
