Impfstoff,impfungen_praxen,impfungen_zentrenetc,impfungen_alle
AZ,0,15,15
BNT/Pfizer,44655,17233,61888
BNT/Pfizer-Kinder,1801,0,1801
BNT/Pfizer-Kleinkind,151,0,151
BNT/Pfizer-Omikron,606758,102000,708758
BNT162b2-Kinder-VA,2130,0,2130
J&J,941,233,1174
Moderna,785,928,1713
Moderna-Omikron,5484,3259,8743
Novavax,355,1274,1629
Valneva,63,547,610
