Impfstoff,impfungen_praxen,impfungen_zentrenetc,impfungen_alle
AZ,0,0,0
BNT/Pfizer,4735,1453,6188
BNT/Pfizer-Kinder,193,0,193
BNT/Pfizer-Kleinkind,123,0,123
BNT/Pfizer-Omikron,57415,9777,67192
BNT/Pfizer-Omikron-Kinder,529,0,529
J&J,85,43,128
Moderna,45,113,158
Moderna-Omikron,1021,1395,2416
Novavax,32,76,108
Sanofi,39,50,89
Valneva,97,222,319
