Impfstoff,impfungen_praxen,impfungen_zentrenetc,impfungen_alle
AZ,0,15,15
BNT/Pfizer,45910,19049,64959
BNT/Pfizer-Kinder,1882,0,1882
BNT/Pfizer-Kleinkind,150,0,150
BNT/Pfizer-Omikron,638294,105354,743648
BNT162b2-Kinder-VA,1216,0,1216
J&J,943,313,1256
Moderna,787,918,1705
Moderna-Omikron,5739,2730,8469
Novavax,393,1046,1439
Valneva,58,517,575
