Impfstoff,impfungen_praxen,impfungen_zentrenetc,impfungen_alle
AZ,0,1,1
BNT/Pfizer,6553,2106,8659
BNT/Pfizer-Kinder,275,0,275
BNT/Pfizer-Kleinkind,160,0,160
BNT/Pfizer-Omikron,85182,13258,98440
BNT/Pfizer-Omikron-Kinder,844,0,844
J&J,126,11,137
Moderna,63,376,439
Moderna-Omikron,1449,1606,3055
Novavax,64,251,315
Sanofi,3,5,8
Valneva,7,257,264
